<?xml version="1.0" encoding="utf-8"?>
<COLLADA xmlns="http://www.collada.org/2005/11/COLLADASchema" version="1.4.1">
  <asset>
    <contributor>
      <author>Mixamo</author>
      <authoring_tool>COLLADA Mixamo exporter</authoring_tool>
      <comments/>
    </contributor>
    <created>2024-06-01T16:32:46Z</created>
    <modified>2024-06-01T16:32:46Z</modified>
    <revision/>
    <title/>
    <unit meter="0.010000"/>
    <up_axis>Y_UP</up_axis>
  </asset>
  <library_animations>
    <animation id="mixamorig_Hips-anim" name="mixamorig_Hips">
      <source id="mixamorig_Hips-Matrix-animation-input">
        <float_array id="mixamorig_Hips-Matrix-animation-input-array" count="90">

0.000000 0.033333 0.066667 0.100000 0.133333 0.166667 0.200000 0.233333 0.266667 0.300000 0.333333 0.366667 0.400000 0.433333 0.466667 0.500000
0.533333 0.566667 0.600000 0.633333 0.666667 0.700000 0.733333 0.766667 0.800000 0.833333 0.866667 0.900000 0.933333 0.966667 1.000000 1.033333
1.066667 1.100000 1.133333 1.166667 1.200000 1.233333 1.266667 1.300000 1.333333 1.366667 1.400000 1.433333 1.466667 1.500000 1.533333 1.566667
1.600000 1.633333 1.666667 1.700000 1.733333 1.766667 1.800000 1.833333 1.866667 1.900000 1.933333 1.966667 2.000000 2.033333 2.066667 2.100000
2.133333 2.166667 2.200000 2.233333 2.266667 2.300000 2.333333 2.366667 2.400000 2.433333 2.466667 2.500000 2.533333 2.566667 2.600000 2.633333
2.666667 2.700000 2.733333 2.766667 2.800000 2.833333 2.866667 2.900000 2.933333 2.966667</float_array>
        <technique_common>
          <accessor source="#mixamorig_Hips-Matrix-animation-input-array" count="90">
            <param name="TIME" type="float"/>
          </accessor>
        </technique_common>
      </source>
      <source id="mixamorig_Hips-Matrix-animation-output-transform">
        <float_array id="mixamorig_Hips-Matrix-animation-output-transform-array" count="1440">

0.897903 -0.105058 0.427474 1.048974 0.121752 0.992490 -0.011820 96.163963 -0.423022 0.062659 0.903951 0.898346 0.000000 0.000000 0.000000 1.000000
0.893655 -0.104387 0.436444 0.983044 0.120679 0.992644 -0.009683 96.051796 -0.432223 0.061323 0.899679 0.299784 0.000000 0.000000 0.000000 1.000000
0.891963 -0.100502 0.440796 0.966593 0.116579 0.993136 -0.009463 95.886902 -0.436819 0.059828 0.897558 -0.333919 0.000000 0.000000 0.000000 1.000000
0.891370 -0.094174 0.443386 1.003142 0.110272 0.993845 -0.010598 95.664688 -0.439659 0.058340 0.896268 -0.966412 0.000000 0.000000 0.000000 1.000000
0.894774 -0.086441 0.438071 1.100538 0.102741 0.994615 -0.013592 95.394493 -0.434538 0.057170 0.898837 -1.639797 0.000000 0.000000 0.000000 1.000000
0.902017 -0.077742 0.424643 1.263462 0.094252 0.995386 -0.017977 95.087608 -0.421286 0.056239 0.905183 -2.426499 0.000000 0.000000 0.000000 1.000000
0.913318 -0.068504 0.401443 1.511042 0.085031 0.996102 -0.023473 94.728210 -0.398270 0.055574 0.915583 -3.110067 0.000000 0.000000 0.000000 1.000000
0.926089 -0.058471 0.372746 1.779014 0.074753 0.996770 -0.029365 94.283775 -0.369825 0.055059 0.927469 -3.771890 0.000000 0.000000 0.000000 1.000000
0.938492 -0.047785 0.341980 2.064509 0.063619 0.997352 -0.035227 93.789581 -0.339391 0.054816 0.939047 -4.408541 0.000000 0.000000 0.000000 1.000000
0.951769 -0.037069 0.304567 2.390634 0.052169 0.997772 -0.041588 93.212151 -0.302347 0.055471 0.951583 -4.984900 0.000000 0.000000 0.000000 1.000000
0.966857 -0.026349 0.253954 2.705268 0.040037 0.998002 -0.048881 92.698471 -0.252159 0.057429 0.965980 -5.661146 0.000000 0.000000 0.000000 1.000000
0.982992 -0.015517 0.182989 3.033747 0.026645 0.997931 -0.058513 92.377586 -0.181703 0.062394 0.981372 -6.309408 0.000000 0.000000 0.000000 1.000000
0.995811 -0.005866 0.091251 3.443177 0.012380 0.997401 -0.070981 92.279579 -0.090597 0.071813 0.993295 -6.766294 0.000000 0.000000 0.000000 1.000000
0.999936 0.001497 -0.011185 3.867377 -0.002463 0.996222 -0.086808 92.503029 0.011013 0.086830 0.996162 -7.282943 0.000000 0.000000 0.000000 1.000000
0.994205 -0.005843 -0.107344 4.223960 -0.005456 0.994492 -0.104666 92.920158 0.107365 0.104645 0.988697 -7.938240 0.000000 0.000000 0.000000 1.000000
0.980087 -0.022107 -0.197336 4.536734 -0.001609 0.992866 -0.119223 93.387756 0.198564 0.117166 0.973059 -8.578647 0.000000 0.000000 0.000000 1.000000
0.959125 -0.022670 -0.282072 4.986113 -0.013809 0.991849 -0.126671 93.810623 0.282644 0.125388 0.950994 -9.465624 0.000000 0.000000 0.000000 1.000000
0.928859 -0.014622 -0.370145 5.527478 -0.037086 0.990530 -0.132195 94.152405 0.368572 0.136517 0.919520 -10.460893 0.000000 0.000000 0.000000 1.000000
0.887591 -0.004762 -0.460607 6.097680 -0.065170 0.988590 -0.135804 94.468582 0.455998 0.150556 0.877154 -11.345263 0.000000 0.000000 0.000000 1.000000
0.841724 0.005514 -0.539880 6.577034 -0.090171 0.987339 -0.130502 94.732239 0.532325 0.158528 0.831564 -12.294163 0.000000 0.000000 0.000000 1.000000
0.796208 0.017543 -0.604769 7.083384 -0.113822 0.986075 -0.121249 95.025658 0.594221 0.165375 0.787117 -13.344006 0.000000 0.000000 0.000000 1.000000
0.750766 0.030114 -0.659882 7.575205 -0.134555 0.984988 -0.108137 95.259201 0.646719 0.169976 0.743547 -14.381067 0.000000 0.000000 0.000000 1.000000
0.712959 0.041064 -0.700002 7.950544 -0.151933 0.983615 -0.097045 95.476349 0.684547 0.175542 0.707517 -15.416365 0.000000 0.000000 0.000000 1.000000
0.685669 0.049747 -0.726212 8.278837 -0.166386 0.981960 -0.089830 95.666153 0.708643 0.182425 0.681577 -16.525291 0.000000 0.000000 0.000000 1.000000
0.664381 0.057394 -0.745187 8.577517 -0.180159 0.979945 -0.085149 95.822128 0.725355 0.190823 0.661397 -17.650770 0.000000 0.000000 0.000000 1.000000
0.649052 0.064656 -0.757991 8.840191 -0.190164 0.978539 -0.079364 95.944313 0.736593 0.195654 0.647418 -18.841373 0.000000 0.000000 0.000000 1.000000
0.641417 0.071448 -0.763859 9.074695 -0.197058 0.977593 -0.074031 96.066223 0.741453 0.198009 0.641124 -20.046495 0.000000 0.000000 0.000000 1.000000
0.642453 0.077484 -0.762398 9.293666 -0.202200 0.976759 -0.071119 96.192200 0.739168 0.199847 0.643189 -21.217724 0.000000 0.000000 0.000000 1.000000
0.649842 0.082650 -0.755562 9.480098 -0.205879 0.976049 -0.070303 96.300461 0.731655 0.201240 0.651294 -22.425306 0.000000 0.000000 0.000000 1.000000
0.662233 0.086823 -0.744251 9.673550 -0.207766 0.975594 -0.071059 96.368225 0.719918 0.201687 0.664109 -23.670280 0.000000 0.000000 0.000000 1.000000
0.682325 0.090132 -0.725471 9.846555 -0.206436 0.975738 -0.072935 96.389091 0.701296 0.199529 0.684377 -24.921114 0.000000 0.000000 0.000000 1.000000
0.707980 0.092438 -0.700157 10.011977 -0.203094 0.976167 -0.076485 96.393188 0.676400 0.196348 0.709880 -26.245035 0.000000 0.000000 0.000000 1.000000
0.736509 0.093993 -0.669865 10.175419 -0.198000 0.976880 -0.080628 96.375809 0.646800 0.192016 0.738092 -27.623894 0.000000 0.000000 0.000000 1.000000
0.767128 0.096927 -0.634130 10.343291 -0.195307 0.976880 -0.086953 96.353760 0.611040 0.190554 0.768322 -28.969158 0.000000 0.000000 0.000000 1.000000
0.797231 0.100334 -0.595278 10.496480 -0.193328 0.976591 -0.094311 96.260849 0.571881 0.190271 0.797966 -30.338617 0.000000 0.000000 0.000000 1.000000
0.826602 0.100044 -0.553823 10.606822 -0.189001 0.976268 -0.105735 96.062004 0.530101 0.192074 0.825893 -31.763151 0.000000 0.000000 0.000000 1.000000
0.856617 0.095459 -0.507044 10.658339 -0.180242 0.976186 -0.120724 95.803017 0.483445 0.194805 0.853423 -33.124306 0.000000 0.000000 0.000000 1.000000
0.884575 0.089595 -0.457711 10.648216 -0.169793 0.975894 -0.137116 95.511208 0.434393 0.199006 0.878464 -34.460243 0.000000 0.000000 0.000000 1.000000
0.910321 0.088590 -0.404311 10.621709 -0.163053 0.974592 -0.153573 95.221413 0.380433 0.205724 0.901636 -35.733192 0.000000 0.000000 0.000000 1.000000
0.933885 0.090809 -0.345850 10.577081 -0.158537 0.972106 -0.172847 94.888107 0.320507 0.216249 0.922232 -36.877945 0.000000 0.000000 0.000000 1.000000
0.953364 0.095807 -0.286214 10.518500 -0.154592 0.969453 -0.190424 94.514893 0.259227 0.225790 0.939053 -37.961105 0.000000 0.000000 0.000000 1.000000
0.969058 0.098996 -0.226111 10.391084 -0.147365 0.966913 -0.208238 94.082840 0.198015 0.235115 0.951583 -38.960789 0.000000 0.000000 0.000000 1.000000
0.982647 0.103488 -0.153934 10.177670 -0.137075 0.964253 -0.226772 93.595215 0.124963 0.243938 0.961706 -39.769470 0.000000 0.000000 0.000000 1.000000
0.991056 0.108685 -0.077430 9.940900 -0.124581 0.961503 -0.244931 93.121117 0.047829 0.252387 0.966444 -40.532944 0.000000 0.000000 0.000000 1.000000
0.993571 0.113167 0.003109 9.656193 -0.108556 0.960165 -0.257486 92.605164 -0.032124 0.255493 0.966277 -41.238029 0.000000 0.000000 0.000000 1.000000
0.989457 0.113713 0.089694 9.192251 -0.087122 0.962049 -0.258593 92.053421 -0.115695 0.248053 0.961813 -41.621582 0.000000 0.000000 0.000000 1.000000
0.977612 0.112052 0.178096 8.641077 -0.064339 0.965059 -0.254010 91.494354 -0.200335 0.236865 0.950663 -41.886093 0.000000 0.000000 0.000000 1.000000
0.957276 0.110308 0.267312 8.009508 -0.042827 0.968273 -0.246196 90.923714 -0.285988 0.224229 0.931629 -41.923599 0.000000 0.000000 0.000000 1.000000
0.929294 0.111410 0.352136 7.209980 -0.026656 0.971165 -0.236915 90.428818 -0.368377 0.210777 0.905467 -41.571285 0.000000 0.000000 0.000000 1.000000
0.898128 0.126025 0.421288 6.430243 -0.030020 0.973389 -0.227184 90.627457 -0.438708 0.191393 0.878011 -41.285400 0.000000 0.000000 0.000000 1.000000
0.872729 0.143365 0.466680 5.889486 -0.044054 0.975137 -0.217179 91.536224 -0.486213 0.168980 0.857346 -40.411171 0.000000 0.000000 0.000000 1.000000
0.853447 0.132067 0.504169 5.049512 -0.028985 0.977891 -0.207095 92.362419 -0.520373 0.162131 0.838407 -38.988087 0.000000 0.000000 0.000000 1.000000
0.840412 0.116016 0.529385 4.106371 -0.010248 0.980045 -0.198510 93.152466 -0.541852 0.161405 0.824831 -38.008129 0.000000 0.000000 0.000000 1.000000
0.839573 0.100658 0.533841 3.438976 0.009102 0.979940 -0.199086 93.848190 -0.543171 0.172006 0.821814 -37.615849 0.000000 0.000000 0.000000 1.000000
0.852339 0.079466 0.516917 3.041890 0.034113 0.977836 -0.206573 94.360390 -0.521876 0.193704 0.830737 -37.222622 0.000000 0.000000 0.000000 1.000000
0.871647 0.058961 0.486575 2.806683 0.057380 0.973636 -0.220772 94.625862 -0.486764 0.220355 0.845284 -36.887203 0.000000 0.000000 0.000000 1.000000
0.898180 0.045544 0.437263 2.753468 0.067549 0.968512 -0.239630 94.522369 -0.434408 0.244767 0.866821 -36.605453 0.000000 0.000000 0.000000 1.000000
0.930143 0.032357 0.365769 2.777047 0.069724 0.962424 -0.262448 93.830978 -0.360517 0.269617 0.892936 -35.946251 0.000000 0.000000 0.000000 1.000000
0.958399 0.016271 0.284966 2.891795 0.068792 0.955777 -0.285932 92.773514 -0.277017 0.293641 0.914897 -34.118256 0.000000 0.000000 0.000000 1.000000
0.978876 -0.001475 0.204447 3.054186 0.065302 0.949852 -0.305807 91.480736 -0.193744 0.312698 0.929884 -32.235722 0.000000 0.000000 0.000000 1.000000
0.994560 -0.015881 0.102952 3.206704 0.048266 0.946074 -0.320334 89.856445 -0.092313 0.323561 0.941694 -30.844952 0.000000 0.000000 0.000000 1.000000
0.999730 -0.019955 0.011935 3.398214 0.022777 0.943685 -0.330061 87.662033 -0.004677 0.330244 0.943884 -29.817865 0.000000 0.000000 0.000000 1.000000
0.998716 -0.016987 -0.047720 3.817288 0.000259 0.943785 -0.330559 87.152275 0.050652 0.330123 0.942578 -29.814333 0.000000 0.000000 0.000000 1.000000
0.996193 -0.008446 -0.086767 4.340474 -0.020120 0.946151 -0.323101 88.100914 0.084824 0.323616 0.942379 -29.010885 0.000000 0.000000 0.000000 1.000000
0.993223 0.004876 -0.116119 4.884211 -0.041227 0.948928 -0.312788 89.433060 0.108664 0.315455 0.942698 -27.649984 0.000000 0.000000 0.000000 1.000000
0.989746 0.020261 -0.141395 5.834207 -0.061524 0.953829 -0.293980 90.885254 0.128911 0.299665 0.945295 -26.306738 0.000000 0.000000 0.000000 1.000000
0.985785 0.035595 -0.164195 6.649289 -0.079735 0.959346 -0.270735 92.339226 0.147883 0.279979 0.948547 -25.079992 0.000000 0.000000 0.000000 1.000000
0.981188 0.049114 -0.186700 7.324148 -0.095297 0.964278 -0.247157 93.529449 0.167892 0.260299 0.950819 -23.759142 0.000000 0.000000 0.000000 1.000000
0.975977 0.056000 -0.210554 7.849290 -0.104331 0.968521 -0.226012 94.391907 0.191269 0.242550 0.951097 -22.633053 0.000000 0.000000 0.000000 1.000000
0.972632 0.058614 -0.224835 8.253287 -0.106879 0.972071 -0.208940 94.909065 0.206309 0.227252 0.951732 -21.665161 0.000000 0.000000 0.000000 1.000000
0.971594 0.061035 -0.228646 8.533238 -0.106837 0.975235 -0.193655 95.069939 0.211164 0.212582 0.954054 -20.785496 0.000000 0.000000 0.000000 1.000000
0.972440 0.062504 -0.224619 8.667166 -0.104853 0.977716 -0.181874 94.890511 0.208245 0.200414 0.957323 -19.644753 0.000000 0.000000 0.000000 1.000000
0.974085 0.055915 -0.219162 8.547235 -0.095280 0.980233 -0.173393 93.835129 0.205135 0.189781 0.960158 -17.938686 0.000000 0.000000 0.000000 1.000000
0.976907 0.044094 -0.209064 8.274461 -0.080159 0.982639 -0.167315 92.561111 0.198057 0.180210 0.963482 -16.197851 0.000000 0.000000 0.000000 1.000000
0.981373 0.030121 -0.189738 7.914527 -0.061724 0.984705 -0.162928 91.310028 0.181928 0.171605 0.968222 -14.226730 0.000000 0.000000 0.000000 1.000000
0.988204 0.014719 -0.152431 7.498600 -0.039221 0.986497 -0.159011 90.059380 0.148032 0.163114 0.975439 -12.253149 0.000000 0.000000 0.000000 1.000000
0.993989 0.000126 -0.109479 7.125969 -0.016970 0.988090 -0.152941 88.902939 0.108156 0.153879 0.982152 -10.327549 0.000000 0.000000 0.000000 1.000000
0.998240 -0.010969 -0.058283 6.734457 0.002535 0.989741 -0.142852 87.393349 0.059252 0.142453 0.988026 -8.556513 0.000000 0.000000 0.000000 1.000000
0.999549 -0.016137 0.025337 6.453673 0.019258 0.991560 -0.128207 85.449310 -0.023054 0.128637 0.991424 -7.030479 0.000000 0.000000 0.000000 1.000000
0.992303 -0.012135 0.123234 6.023200 0.027148 0.992294 -0.120893 85.344864 -0.120817 0.123308 0.984986 -5.253234 0.000000 0.000000 0.000000 1.000000
0.982570 0.011702 0.185525 5.623677 0.012443 0.991639 -0.128446 86.443848 -0.185477 0.128515 0.974208 -3.937267 0.000000 0.000000 0.000000 1.000000
0.973891 0.012088 0.226693 5.039326 0.015968 0.992461 -0.121519 88.023033 -0.226453 0.121966 0.966356 -3.195154 0.000000 0.000000 0.000000 1.000000
0.963949 0.002073 0.266077 4.331824 0.027394 0.993883 -0.106986 89.680710 -0.264671 0.110419 0.957996 -2.628737 0.000000 0.000000 0.000000 1.000000
0.953042 -0.014988 0.302468 3.594051 0.043513 0.995188 -0.087790 91.303131 -0.299697 0.096828 0.949108 -1.877589 0.000000 0.000000 0.000000 1.000000
0.941610 -0.034870 0.334895 2.979338 0.060805 0.995880 -0.067269 92.734894 -0.331170 0.083705 0.939851 -1.080740 0.000000 0.000000 0.000000 1.000000
0.930383 -0.053431 0.362675 2.447220 0.076330 0.995873 -0.049096 93.926949 -0.358555 0.073361 0.930622 -0.387665 0.000000 0.000000 0.000000 1.000000
0.920209 -0.067254 0.385605 2.034252 0.087963 0.995462 -0.036295 94.777031 -0.381415 0.067318 0.921950 0.072289 0.000000 0.000000 0.000000 1.000000
0.911399 -0.080925 0.403489 1.692349 0.099972 0.994642 -0.026327 95.422928 -0.399197 0.064332 0.914606 0.453335 0.000000 0.000000 0.000000 1.000000
0.904328 -0.093453 0.416482 1.406272 0.111265 0.993616 -0.018641 95.848618 -0.412081 0.063197 0.908953 0.682649 0.000000 0.000000 0.000000 1.000000
0.899451 -0.102323 0.424873 1.162941 0.119285 0.992769 -0.013434 96.073265 -0.420427 0.062764 0.905153 0.766532 0.000000 0.000000 0.000000 1.000000</float_array>
        <technique_common>
          <accessor source="#mixamorig_Hips-Matrix-animation-output-transform-array" count="90" stride="16">
            <param type="float4x4"/>
          </accessor>
        </technique_common>
      </source>
      <source id="mixamorig_Hips-Interpolations">
        <Name_array id="mixamorig_Hips-Interpolations-array" count="90">
 LINEAR LINEAR LINEAR LINEAR LINEAR LINEAR LINEAR LINEAR LINEAR LINEAR LINEAR
LINEAR LINEAR LINEAR LINEAR LINEAR LINEAR LINEAR LINEAR LINEAR LINEAR LINEAR LINEAR
LINEAR LINEAR LINEAR LINEAR LINEAR LINEAR LINEAR LINEAR LINEAR LINEAR LINEAR LINEAR
LINEAR LINEAR LINEAR LINEAR LINEAR LINEAR LINEAR LINEAR LINEAR LINEAR LINEAR LINEAR
LINEAR LINEAR LINEAR LINEAR LINEAR LINEAR LINEAR LINEAR LINEAR LINEAR LINEAR LINEAR
LINEAR LINEAR LINEAR LINEAR LINEAR LINEAR LINEAR LINEAR LINEAR LINEAR LINEAR LINEAR
LINEAR LINEAR LINEAR LINEAR LINEAR LINEAR LINEAR LINEAR LINEAR LINEAR LINEAR LINEAR
LINEAR LINEAR LINEAR LINEAR LINEAR LINEAR LINEAR</Name_array>
        <technique_common>
          <accessor source="#mixamorig_Hips-Interpolations-array" count="90">
            <param type="name"/>
          </accessor>
        </technique_common>
      </source>
      <sampler id="mixamorig_Hips-Matrix-animation-transform">
        <input semantic="INPUT" source="#mixamorig_Hips-Matrix-animation-input"/>
        <input semantic="OUTPUT" source="#mixamorig_Hips-Matrix-animation-output-transform"/>
        <input semantic="INTERPOLATION" source="#mixamorig_Hips-Interpolations"/>
      </sampler>
      <channel source="#mixamorig_Hips-Matrix-animation-transform" target="mixamorig_Hips/matrix"/>
    </animation>
    <animation id="mixamorig_Spine-anim" name="mixamorig_Spine">
      <source id="mixamorig_Spine-Matrix-animation-input">
        <float_array id="mixamorig_Spine-Matrix-animation-input-array" count="90">

0.000000 0.033333 0.066667 0.100000 0.133333 0.166667 0.200000 0.233333 0.266667 0.300000 0.333333 0.366667 0.400000 0.433333 0.466667 0.500000
0.533333 0.566667 0.600000 0.633333 0.666667 0.700000 0.733333 0.766667 0.800000 0.833333 0.866667 0.900000 0.933333 0.966667 1.000000 1.033333
1.066667 1.100000 1.133333 1.166667 1.200000 1.233333 1.266667 1.300000 1.333333 1.366667 1.400000 1.433333 1.466667 1.500000 1.533333 1.566667
1.600000 1.633333 1.666667 1.700000 1.733333 1.766667 1.800000 1.833333 1.866667 1.900000 1.933333 1.966667 2.000000 2.033333 2.066667 2.100000
2.133333 2.166667 2.200000 2.233333 2.266667 2.300000 2.333333 2.366667 2.400000 2.433333 2.466667 2.500000 2.533333 2.566667 2.600000 2.633333
2.666667 2.700000 2.733333 2.766667 2.800000 2.833333 2.866667 2.900000 2.933333 2.966667</float_array>
        <technique_common>
          <accessor source="#mixamorig_Spine-Matrix-animation-input-array" count="90">
            <param name="TIME" type="float"/>
          </accessor>
        </technique_common>
      </source>
      <source id="mixamorig_Spine-Matrix-animation-output-transform">
        <float_array id="mixamorig_Spine-Matrix-animation-output-transform-array" count="1440">

0.997190 -0.005085 0.074741 0.000000 0.001227 0.998668 0.051576 10.871300 -0.074904 -0.051340 0.995868 -0.951400 0.000000 0.000000 0.000000 1.000000
0.993922 0.002570 0.110057 0.000000 -0.008836 0.998364 0.056485 10.871300 -0.109732 -0.057114 0.992319 -0.951400 0.000000 0.000000 0.000000 1.000000
0.989988 0.009133 0.140857 0.000000 -0.018957 0.997466 0.068566 10.871300 -0.139874 -0.070550 0.987653 -0.951400 0.000000 0.000000 0.000000 1.000000
0.985797 0.012709 0.167461 0.000000 -0.026747 0.996286 0.081845 10.871300 -0.165799 -0.085161 0.982476 -0.951400 0.000000 0.000000 0.000000 1.000000
0.980663 0.013937 0.195207 0.000000 -0.032112 0.995401 0.090252 10.871300 -0.193052 -0.094776 0.976601 -0.951400 0.000000 0.000000 0.000000 1.000000
0.974799 0.013849 0.222655 0.000000 -0.036548 0.994500 0.098153 10.871300 -0.220071 -0.103817 0.969944 -0.951400 0.000000 0.000000 0.000000 1.000000
0.968880 0.013102 0.247184 0.000000 -0.040382 0.993586 0.105619 10.871300 -0.244215 -0.112314 0.963195 -0.951400 0.000000 0.000000 0.000000 1.000000
0.964623 0.012115 0.263356 0.000000 -0.042671 0.992946 0.110619 10.871300 -0.260158 -0.117943 0.958336 -0.951400 0.000000 0.000000 0.000000 1.000000
0.962791 0.011075 0.270021 0.000000 -0.043703 0.992389 0.115124 10.871300 -0.266691 -0.122641 0.955947 -0.951400 0.000000 0.000000 0.000000 1.000000
0.963271 0.010492 0.268328 0.000000 -0.044344 0.991733 0.120412 10.871300 -0.264846 -0.127889 0.955773 -0.951400 0.000000 0.000000 0.000000 1.000000
0.965389 0.009943 0.260623 0.000000 -0.042582 0.991873 0.119891 10.871300 -0.257313 -0.126839 0.957967 -0.951400 0.000000 0.000000 0.000000 1.000000
0.967506 0.008477 0.252706 0.000000 -0.040080 0.991944 0.120174 10.871300 -0.249651 -0.126397 0.960051 -0.951400 0.000000 0.000000 0.000000 1.000000
0.971801 0.009146 0.235624 0.000000 -0.039378 0.991511 0.123919 10.871300 -0.232490 -0.129703 0.963912 -0.951400 0.000000 0.000000 0.000000 1.000000
0.977582 0.011682 0.210232 -0.000000 -0.039151 0.991133 0.126978 10.871300 -0.206884 -0.132362 0.969371 -0.951400 0.000000 0.000000 0.000000 1.000000
0.983807 0.034839 0.175811 0.000000 -0.057623 0.990330 0.126202 10.871300 -0.169714 -0.134289 0.976301 -0.951400 0.000000 0.000000 0.000000 1.000000
0.988107 0.068275 0.137778 0.000000 -0.085670 0.988507 0.124554 10.871300 -0.127690 -0.134876 0.982600 -0.951400 0.000000 0.000000 0.000000 1.000000
0.991647 0.078082 0.102662 -0.000000 -0.089969 0.989076 0.116767 10.871300 -0.092423 -0.125028 0.987839 -0.951400 0.000000 0.000000 0.000000 1.000000
0.995113 0.067253 0.072295 0.000000 -0.075111 0.990851 0.112127 10.871300 -0.064092 -0.117009 0.991061 -0.951400 0.000000 0.000000 0.000000 1.000000
0.997508 0.052373 0.047280 0.000000 -0.057590 0.991494 0.116715 10.871300 -0.040765 -0.119147 0.992039 -0.951400 0.000000 0.000000 0.000000 1.000000
0.998950 0.039659 0.022932 0.000000 -0.042143 0.991811 0.120563 10.871300 -0.017963 -0.121403 0.992441 -0.951400 0.000000 0.000000 0.000000 1.000000
0.999713 0.023912 0.001161 0.000000 -0.023881 0.992609 0.118987 10.871300 0.001693 -0.118981 0.992895 -0.951400 0.000000 0.000000 0.000000 1.000000
0.999791 0.008602 -0.018564 0.000000 -0.006390 0.993220 0.116077 10.871300 0.019437 -0.115934 0.993067 -0.951400 0.000000 0.000000 0.000000 1.000000
0.999301 -0.005183 -0.037015 0.000000 0.009562 0.992834 0.119118 10.871300 0.036133 -0.119389 0.992190 -0.951400 0.000000 0.000000 0.000000 1.000000
0.998304 -0.018753 -0.055120 0.000000 0.025524 0.991851 0.124824 10.871300 0.052330 -0.126019 0.990647 -0.951400 0.000000 0.000000 0.000000 1.000000
0.997282 -0.029218 -0.067639 0.000000 0.038121 0.990205 0.134313 10.871300 0.063052 -0.136527 0.988628 -0.951400 0.000000 0.000000 0.000000 1.000000
0.996940 -0.037787 -0.068430 0.000000 0.047125 0.988967 0.140440 10.871300 0.062368 -0.143235 0.987722 -0.951400 0.000000 0.000000 0.000000 1.000000
0.996671 -0.045120 -0.067899 0.000000 0.054495 0.988184 0.143256 10.871300 0.060633 -0.146480 0.987354 -0.951400 0.000000 0.000000 0.000000 1.000000
0.996052 -0.051590 -0.072238 0.000000 0.061666 0.987502 0.145043 10.871300 0.063852 -0.148925 0.986785 -0.951400 0.000000 0.000000 0.000000 1.000000
0.995076 -0.057193 -0.080952 0.000000 0.068587 0.986932 0.145815 10.871300 0.071555 -0.150649 0.985994 -0.951400 0.000000 0.000000 0.000000 1.000000
0.993819 -0.062051 -0.092053 0.000000 0.075085 0.986481 0.145659 10.871300 0.081770 -0.151671 0.985043 -0.951400 0.000000 0.000000 0.000000 1.000000
0.992228 -0.063362 -0.107095 0.000000 0.078572 0.986400 0.144363 10.871300 0.096492 -0.151656 0.983712 -0.951400 0.000000 0.000000 0.000000 1.000000
0.990510 -0.061406 -0.122964 0.000000 0.078691 0.986870 0.141049 10.871300 0.112688 -0.149387 0.982337 -0.951400 0.000000 0.000000 0.000000 1.000000
0.988710 -0.058712 -0.137861 -0.000000 0.077606 0.987671 0.135950 10.871300 0.128179 -0.145114 0.981077 -0.951400 0.000000 0.000000 0.000000 1.000000
0.986071 -0.060661 -0.154871 -0.000000 0.081035 0.988350 0.128829 10.871300 0.145252 -0.139585 0.979499 -0.951400 0.000000 0.000000 0.000000 1.000000
0.983025 -0.063916 -0.171980 -0.000000 0.085174 0.989209 0.119209 10.871300 0.162505 -0.131833 0.977861 -0.951400 0.000000 0.000000 0.000000 1.000000
0.979422 -0.066035 -0.190712 -0.000000 0.088521 0.989769 0.111896 10.871300 0.181372 -0.126475 0.975248 -0.951400 0.000000 0.000000 0.000000 1.000000
0.975649 -0.064010 -0.209792 0.000000 0.088081 0.990299 0.107471 10.871300 0.200877 -0.123333 0.971822 -0.951400 0.000000 0.000000 0.000000 1.000000
0.971730 -0.059832 -0.228388 0.000000 0.085546 0.990849 0.104399 10.871300 0.220051 -0.120986 0.967957 -0.951400 0.000000 0.000000 0.000000 1.000000
0.967309 -0.061514 -0.246026 0.000000 0.088556 0.990998 0.100399 10.871300 0.237636 -0.118904 0.964049 -0.951400 0.000000 0.000000 0.000000 1.000000
0.962729 -0.068044 -0.261769 0.000000 0.096119 0.990732 0.095976 10.871300 0.252812 -0.117560 0.960347 -0.951400 0.000000 0.000000 0.000000 1.000000
0.958485 -0.076295 -0.274745 0.000000 0.104349 0.990554 0.088965 10.871300 0.265362 -0.113941 0.957393 -0.951400 0.000000 0.000000 0.000000 1.000000
0.954811 -0.085426 -0.284672 0.000000 0.113037 0.990202 0.081987 10.871300 0.274879 -0.110461 0.955113 -0.951400 0.000000 0.000000 0.000000 1.000000
0.951964 -0.095177 -0.291043 0.000000 0.122069 0.989635 0.075644 10.871300 0.280827 -0.107537 0.953715 -0.951400 0.000000 0.000000 0.000000 1.000000
0.950618 -0.104488 -0.292247 -0.000000 0.130162 0.989034 0.069777 10.871300 0.281752 -0.104371 0.953794 -0.951400 0.000000 0.000000 0.000000 1.000000
0.951965 -0.112609 -0.284749 -0.000000 0.135842 0.988717 0.063137 10.871300 0.274426 -0.098785 0.956521 -0.951400 0.000000 0.000000 0.000000 1.000000
0.955809 -0.118696 -0.268961 -0.000000 0.136509 0.989453 0.048453 10.871300 0.260373 -0.083027 0.961932 -0.951400 0.000000 0.000000 0.000000 1.000000
0.960421 -0.122808 -0.250020 0.000000 0.136880 0.989795 0.039627 10.871300 0.242602 -0.072281 0.967429 -0.951400 0.000000 0.000000 0.000000 1.000000
0.964922 -0.127242 -0.229643 0.000000 0.138430 0.989815 0.033220 10.871300 0.223077 -0.063844 0.972708 -0.951400 0.000000 0.000000 0.000000 1.000000
0.970637 -0.134958 -0.199121 0.000000 0.141957 0.989645 0.021236 10.871300 0.194194 -0.048879 0.979745 -0.951400 0.000000 0.000000 0.000000 1.000000
0.974328 -0.163453 -0.154818 0.000000 0.168393 0.985532 0.019263 10.871300 0.149430 -0.044839 0.987755 -0.951400 0.000000 0.000000 0.000000 1.000000
0.976272 -0.192838 -0.098525 -0.000000 0.197727 0.979338 0.042444 10.871300 0.088305 -0.060918 0.994229 -0.951400 0.000000 0.000000 0.000000 1.000000
0.984206 -0.172175 -0.041169 0.000000 0.174668 0.982309 0.067534 10.871300 0.028813 -0.073658 0.996867 -0.951400 0.000000 0.000000 0.000000 1.000000
0.989576 -0.141707 0.025646 0.000000 0.139479 0.987442 0.074183 10.871300 -0.035837 -0.069833 0.996915 -0.951400 0.000000 0.000000 0.000000 1.000000
0.986621 -0.123380 0.106570 -0.000000 0.117185 0.991136 0.062580 10.871300 -0.113346 -0.049255 0.992334 -0.951400 0.000000 0.000000 0.000000 1.000000
0.976003 -0.103840 0.191402 0.000000 0.097488 0.994336 0.042339 10.871300 -0.194714 -0.022664 0.980598 -0.951400 0.000000 0.000000 0.000000 1.000000
0.962637 -0.083441 0.257618 0.000000 0.082399 0.996489 0.014859 10.871300 -0.257953 0.006924 0.966133 -0.951400 0.000000 0.000000 0.000000 1.000000
0.949861 -0.066176 0.305588 0.000000 0.075040 0.997030 -0.017337 10.871300 -0.303533 0.039400 0.952006 -0.951400 0.000000 0.000000 0.000000 1.000000
0.943922 -0.039289 0.327821 0.000000 0.057704 0.997244 -0.046633 10.871300 -0.325086 0.062934 0.943588 -0.951400 0.000000 0.000000 0.000000 1.000000
0.944943 0.002998 0.327221 0.000000 0.007281 0.999518 -0.030184 10.871300 -0.327154 0.030904 0.944466 -0.951400 0.000000 0.000000 0.000000 1.000000
0.947028 0.048651 0.317446 0.000000 -0.047287 0.998809 -0.012005 10.871300 -0.317652 -0.003642 0.948200 -0.951400 0.000000 0.000000 0.000000 1.000000
0.949512 0.087709 0.301219 0.000000 -0.081461 0.996121 -0.033268 10.871300 -0.302969 0.007051 0.952974 -0.951400 0.000000 0.000000 0.000000 1.000000
0.957304 0.117398 0.264171 0.000000 -0.102708 0.992330 -0.068799 10.871300 -0.270222 0.038729 0.962019 -0.951400 0.000000 0.000000 0.000000 1.000000
0.969518 0.146047 0.196737 0.000000 -0.123441 0.984737 -0.122703 10.871300 -0.211654 0.094677 0.972748 -0.951400 0.000000 0.000000 0.000000 1.000000
0.979516 0.167762 0.111375 -0.000000 -0.155466 0.981560 -0.111218 10.871300 -0.127979 0.091624 0.987535 -0.951400 0.000000 0.000000 0.000000 1.000000
0.984588 0.165102 0.057688 -0.000000 -0.158210 0.981418 -0.108570 10.871300 -0.074542 0.097770 0.992413 -0.951400 0.000000 0.000000 0.000000 1.000000
0.990821 0.131510 0.031296 0.000000 -0.127503 0.986063 -0.106875 10.871300 -0.044915 0.101903 0.993780 -0.951400 0.000000 0.000000 0.000000 1.000000
0.995285 0.096051 0.013501 0.000000 -0.094174 0.990254 -0.102608 10.871300 -0.023225 0.100853 0.994630 -0.951400 0.000000 0.000000 0.000000 1.000000
0.997293 0.073531 -0.000490 0.000000 -0.073232 0.992604 -0.096820 10.871300 -0.006633 0.096594 0.995302 -0.951400 0.000000 0.000000 0.000000 1.000000
0.997672 0.066669 -0.014320 -0.000000 -0.067703 0.993514 -0.091363 10.871300 0.008136 0.092119 0.995715 -0.951400 0.000000 0.000000 0.000000 1.000000
0.997011 0.066309 -0.039658 -0.000000 -0.069630 0.993574 -0.089234 10.871300 0.033487 0.091729 0.995221 -0.951400 0.000000 0.000000 0.000000 1.000000
0.995022 0.068321 -0.072553 -0.000000 -0.074893 0.992929 -0.092107 10.871300 0.065747 0.097082 0.993102 -0.951400 0.000000 0.000000 0.000000 1.000000
0.991710 0.070366 -0.107517 -0.000000 -0.080079 0.992819 -0.088864 10.871300 0.100492 0.096738 0.990224 -0.951400 0.000000 0.000000 0.000000 1.000000
0.987429 0.071423 -0.141010 0.000000 -0.080932 0.994734 -0.062890 10.871300 0.135775 0.073512 0.988009 -0.951400 0.000000 0.000000 0.000000 1.000000
0.982938 0.072016 -0.169251 0.000000 -0.077939 0.996548 -0.028608 10.871300 0.166607 0.041311 0.985158 -0.951400 0.000000 0.000000 0.000000 1.000000
0.978983 0.071766 -0.190899 0.000000 -0.072251 0.997377 0.004429 10.871300 0.190716 0.009456 0.981600 -0.951400 0.000000 0.000000 0.000000 1.000000
0.975322 0.063683 -0.211401 0.000000 -0.060532 0.997938 0.021351 10.871300 0.212325 -0.008027 0.977166 -0.951400 0.000000 0.000000 0.000000 1.000000
0.971243 0.057219 -0.231114 -0.000000 -0.051623 0.998210 0.030194 10.871300 0.232428 -0.017395 0.972458 -0.951400 0.000000 0.000000 0.000000 1.000000
0.966713 0.050786 -0.250771 -0.000000 -0.042253 0.998334 0.039299 10.871300 0.252349 -0.027395 0.967249 -0.951400 0.000000 0.000000 0.000000 1.000000
0.960315 0.041263 -0.275847 0.000000 -0.025206 0.997788 0.061507 10.871300 0.277775 -0.052114 0.959232 -0.951400 0.000000 0.000000 0.000000 1.000000
0.956633 0.013440 -0.290986 -0.000000 -0.002887 0.999323 0.036665 10.871300 0.291282 -0.034235 0.956024 -0.951400 0.000000 0.000000 0.000000 1.000000
0.962254 -0.032398 -0.270219 -0.000000 0.039030 0.999053 0.019203 10.871300 0.269341 -0.029025 0.962607 -0.951400 0.000000 0.000000 0.000000 1.000000
0.970380 -0.062887 -0.233255 0.000000 0.069695 0.997346 0.021052 10.871300 0.231312 -0.036685 0.972188 -0.951400 0.000000 0.000000 0.000000 1.000000
0.977660 -0.070267 -0.198099 0.000000 0.078299 0.996384 0.032995 10.871300 0.195064 -0.047769 0.979627 -0.951400 0.000000 0.000000 0.000000 1.000000
0.985033 -0.054101 -0.163653 0.000000 0.062777 0.996858 0.048312 10.871300 0.160525 -0.057862 0.985334 -0.951400 0.000000 0.000000 0.000000 1.000000
0.991246 -0.034640 -0.127401 0.000000 0.042735 0.997200 0.061361 10.871300 0.124918 -0.066268 0.989951 -0.951400 0.000000 0.000000 0.000000 1.000000
0.995557 -0.024570 -0.090900 0.000000 0.030915 0.997134 0.069058 10.871300 0.088942 -0.071562 0.993463 -0.951400 0.000000 0.000000 0.000000 1.000000
0.998239 -0.023510 -0.054465 -0.000000 0.027272 0.997216 0.069402 10.871300 0.052682 -0.070765 0.996101 -0.951400 0.000000 0.000000 0.000000 1.000000
0.999659 -0.019340 -0.017526 0.000000 0.020492 0.997465 0.068150 10.871300 0.016164 -0.068486 0.997521 -0.951400 0.000000 0.000000 0.000000 1.000000
0.999713 -0.013788 0.019614 0.000000 0.012545 0.997988 0.062151 10.871300 -0.020431 -0.061887 0.997874 -0.951400 0.000000 0.000000 0.000000 1.000000
0.998365 -0.008736 0.056490 -0.000000 0.005751 0.998590 0.052773 10.871300 -0.056871 -0.052362 0.997007 -0.951400 0.000000 0.000000 0.000000 1.000000</float_array>
        <technique_common>
          <accessor source="#mixamorig_Spine-Matrix-animation-output-transform-array" count="90" stride="16">
            <param type="float4x4"/>
          </accessor>
        </technique_common>
      </source>
      <source id="mixamorig_Spine-Interpolations">
        <Name_array id="mixamorig_Spine-Interpolations-array" count="90">
 LINEAR LINEAR LINEAR LINEAR LINEAR LINEAR LINEAR LINEAR LINEAR LINEAR LINEAR
LINEAR LINEAR LINEAR LINEAR LINEAR LINEAR LINEAR LINEAR LINEAR LINEAR LINEAR LINEAR
LINEAR LINEAR LINEAR LINEAR LINEAR LINEAR LINEAR LINEAR LINEAR LINEAR LINEAR LINEAR
LINEAR LINEAR LINEAR LINEAR LINEAR LINEAR LINEAR LINEAR LINEAR LINEAR LINEAR LINEAR
LINEAR LINEAR LINEAR LINEAR LINEAR LINEAR LINEAR LINEAR LINEAR LINEAR LINEAR LINEAR
LINEAR LINEAR LINEAR LINEAR LINEAR LINEAR LINEAR LINEAR LINEAR LINEAR LINEAR LINEAR
LINEAR LINEAR LINEAR LINEAR LINEAR LINEAR LINEAR LINEAR LINEAR LINEAR LINEAR LINEAR
LINEAR LINEAR LINEAR LINEAR LINEAR LINEAR LINEAR</Name_array>
        <technique_common>
          <accessor source="#mixamorig_Spine-Interpolations-array" count="90">
            <param type="name"/>
          </accessor>
        </technique_common>
      </source>
      <sampler id="mixamorig_Spine-Matrix-animation-transform">
        <input semantic="INPUT" source="#mixamorig_Spine-Matrix-animation-input"/>
        <input semantic="OUTPUT" source="#mixamorig_Spine-Matrix-animation-output-transform"/>
        <input semantic="INTERPOLATION" source="#mixamorig_Spine-Interpolations"/>
      </sampler>
      <channel source="#mixamorig_Spine-Matrix-animation-transform" target="mixamorig_Spine/matrix"/>
    </animation>
    <animation id="mixamorig_Spine1-anim" name="mixamorig_Spine1">
      <source id="mixamorig_Spine1-Matrix-animation-input">
        <float_array id="mixamorig_Spine1-Matrix-animation-input-array" count="90">

0.000000 0.033333 0.066667 0.100000 0.133333 0.166667 0.200000 0.233333 0.266667 0.300000 0.333333 0.366667 0.400000 0.433333 0.466667 0.500000
0.533333 0.566667 0.600000 0.633333 0.666667 0.700000 0.733333 0.766667 0.800000 0.833333 0.866667 0.900000 0.933333 0.966667 1.000000 1.033333
1.066667 1.100000 1.133333 1.166667 1.200000 1.233333 1.266667 1.300000 1.333333 1.366667 1.400000 1.433333 1.466667 1.500000 1.533333 1.566667
1.600000 1.633333 1.666667 1.700000 1.733333 1.766667 1.800000 1.833333 1.866667 1.900000 1.933333 1.966667 2.000000 2.033333 2.066667 2.100000
2.133333 2.166667 2.200000 2.233333 2.266667 2.300000 2.333333 2.366667 2.400000 2.433333 2.466667 2.500000 2.533333 2.566667 2.600000 2.633333
2.666667 2.700000 2.733333 2.766667 2.800000 2.833333 2.866667 2.900000 2.933333 2.966667</float_array>
        <technique_common>
          <accessor source="#mixamorig_Spine1-Matrix-animation-input-array" count="90">
            <param name="TIME" type="float"/>
          </accessor>
        </technique_common>
      </source>
      <source id="mixamorig_Spine1-Matrix-animation-output-transform">
        <float_array id="mixamorig_Spine1-Matrix-animation-output-transform-array" count="1440">

0.999735 -0.009121 0.021118 0.000000 0.009243 0.999941 -0.005689 12.731600 -0.021065 0.005883 0.999761 -0.000000 0.000000 0.000000 0.000000 1.000000
0.999441 -0.012063 0.031188 0.000000 0.012342 0.999885 -0.008765 12.731600 -0.031079 0.009145 0.999475 0.000000 0.000000 0.000000 0.000000 1.000000
0.999053 -0.017116 0.039996 0.000000 0.017756 0.999719 -0.015710 12.731600 -0.039716 0.016406 0.999076 0.000000 0.000000 0.000000 0.000000 1.000000
0.998616 -0.022054 0.047741 -0.000000 0.023163 0.999472 -0.022802 12.731600 -0.047213 0.023876 0.998599 0.000000 0.000000 0.000000 0.000000 1.000000
0.998052 -0.027552 0.055971 -0.000000 0.029045 0.999239 -0.026037 12.731600 -0.055211 0.027612 0.998093 0.000000 0.000000 0.000000 0.000000 1.000000
0.997395 -0.032941 0.064180 0.000000 0.034728 0.999034 -0.026937 12.731600 -0.063230 0.029096 0.997575 0.000000 0.000000 0.000000 0.000000 1.000000
0.996710 -0.037719 0.071733 -0.000000 0.039721 0.998854 -0.026688 12.731600 -0.070644 0.029449 0.997067 -0.000000 0.000000 0.000000 0.000000 1.000000
0.996213 -0.040834 0.076759 0.000000 0.042760 0.998806 -0.023617 12.731600 -0.075703 0.026810 0.996770 0.000000 0.000000 0.000000 0.000000 1.000000
0.995979 -0.042796 0.078705 0.000000 0.044430 0.998829 -0.019134 12.731600 -0.077794 0.022554 0.996714 0.000000 0.000000 0.000000 0.000000 1.000000
0.996075 -0.041606 0.078124 0.000000 0.042865 0.998976 -0.014498 12.731600 -0.077441 0.017790 0.996838 -0.000000 0.000000 0.000000 0.000000 1.000000
0.996442 -0.037315 0.075576 0.000000 0.038042 0.999242 -0.008200 12.731600 -0.075212 0.011046 0.997106 0.000000 0.000000 0.000000 0.000000 1.000000
0.996872 -0.030577 0.072875 0.000000 0.030730 0.999527 -0.000973 12.731600 -0.072811 0.003209 0.997341 -0.000000 0.000000 0.000000 0.000000 1.000000
0.997486 -0.021455 0.067537 -0.000000 0.021149 0.999763 0.005234 12.731600 -0.067633 -0.003792 0.997703 0.000000 0.000000 0.000000 0.000000 1.000000
0.998159 -0.010174 0.059796 0.000000 0.009425 0.999874 0.012801 12.731600 -0.059919 -0.012214 0.998129 0.000000 0.000000 0.000000 0.000000 1.000000
0.998756 0.002540 0.049793 0.000000 -0.003517 0.999803 0.019543 12.731600 -0.049733 -0.019694 0.998568 0.000000 0.000000 0.000000 0.000000 1.000000
0.999089 0.017447 0.038944 -0.000000 -0.018380 0.999549 0.023747 12.731600 -0.038512 -0.024441 0.998959 0.000000 0.000000 0.000000 0.000000 1.000000
0.999314 0.022612 0.029333 -0.000000 -0.023473 0.999293 0.029363 12.731600 -0.028649 -0.030032 0.999138 0.000000 0.000000 0.000000 0.000000 1.000000
0.999537 0.022203 0.020796 0.000000 -0.022922 0.999125 0.034991 12.731600 -0.020001 -0.035451 0.999171 0.000000 0.000000 0.000000 0.000000 1.000000
0.999753 0.017575 0.013622 -0.000000 -0.018090 0.999091 0.038595 12.731600 -0.012931 -0.038832 0.999162 0.000000 0.000000 0.000000 0.000000 1.000000
0.999901 0.012443 0.006534 0.000000 -0.012694 0.999120 0.039984 12.731600 -0.006030 -0.040063 0.999179 0.000000 0.000000 0.000000 0.000000 1.000000
0.999976 0.006943 0.000032 0.000000 -0.006938 0.999074 0.042464 12.731600 0.000263 -0.042463 0.999098 0.000000 0.000000 0.000000 0.000000 1.000000
0.999988 0.002332 -0.004344 0.000000 -0.002126 0.998905 0.046740 12.731600 0.004448 -0.046730 0.998898 0.000000 0.000000 0.000000 0.000000 1.000000
0.999946 -0.002606 -0.010097 0.000000 0.003126 0.998652 0.051819 12.731600 0.009948 -0.051848 0.998605 0.000000 0.000000 0.000000 0.000000 1.000000
0.999838 -0.008021 -0.016103 -0.000000 0.008929 0.998325 0.057167 12.731600 0.015617 -0.057302 0.998235 0.000000 0.000000 0.000000 0.000000 1.000000
0.999702 -0.014021 -0.019981 0.000000 0.015244 0.997933 0.062427 12.731600 0.019064 -0.062713 0.997850 0.000000 0.000000 0.000000 0.000000 1.000000
0.999627 -0.018039 -0.020521 0.000000 0.019390 0.997520 0.067665 12.731600 0.019249 -0.068038 0.997497 0.000000 0.000000 0.000000 0.000000 1.000000
0.999560 -0.021358 -0.020565 -0.000000 0.022789 0.997137 0.072106 12.731600 0.018966 -0.072543 0.997185 0.000000 0.000000 0.000000 0.000000 1.000000
0.999458 -0.024617 -0.021842 0.000000 0.026207 0.996781 0.075772 12.731600 0.019906 -0.076303 0.996886 0.000000 0.000000 0.000000 0.000000 1.000000
0.999324 -0.027639 -0.024234 -0.000000 0.029463 0.996483 0.078443 12.731600 0.021980 -0.079104 0.996624 0.000000 0.000000 0.000000 0.000000 1.000000
0.999169 -0.030245 -0.027322 0.000000 0.032341 0.996283 0.079835 12.731600 0.024806 -0.080652 0.996434 -0.000000 0.000000 0.000000 0.000000 1.000000
0.999000 -0.031759 -0.031482 0.000000 0.034199 0.996186 0.080270 12.731600 0.028812 -0.081267 0.996276 0.000000 0.000000 0.000000 0.000000 1.000000
0.998838 -0.032163 -0.035880 -0.000000 0.034928 0.996240 0.079289 12.731600 0.033195 -0.080450 0.996206 0.000000 0.000000 0.000000 0.000000 1.000000
0.998706 -0.031390 -0.040008 0.000000 0.034406 0.996431 0.077075 12.731600 0.037446 -0.078352 0.996222 0.000000 0.000000 0.000000 0.000000 1.000000
