<?xml version="1.0" encoding="utf-8"?>
<COLLADA xmlns="http://www.collada.org/2005/11/COLLADASchema" version="1.4.1">
  <asset>
    <contributor>
      <author>Mixamo</author>
      <authoring_tool>COLLADA Mixamo exporter</authoring_tool>
      <comments/>
    </contributor>
    <created>2024-05-25T16:00:56Z</created>
    <modified>2024-05-25T16:00:56Z</modified>
    <revision/>
    <title/>
    <unit meter="0.010000"/>
    <up_axis>Y_UP</up_axis>
  </asset>
  <library_animations>
    <animation id="mixamorig_Hips-anim" name="mixamorig_Hips">
      <source id="mixamorig_Hips-Matrix-animation-input">
        <float_array id="mixamorig_Hips-Matrix-animation-input-array" count="70">

0.000000 0.033333 0.066667 0.100000 0.133333 0.166667 0.200000 0.233333 0.266667 0.300000 0.333333 0.366667 0.400000 0.433333 0.466667 0.500000
0.533333 0.566667 0.600000 0.633333 0.666667 0.700000 0.733333 0.766667 0.800000 0.833333 0.866667 0.900000 0.933333 0.966667 1.000000 1.033333
1.066667 1.100000 1.133333 1.166667 1.200000 1.233333 1.266667 1.300000 1.333333 1.366667 1.400000 1.433333 1.466667 1.500000 1.533333 1.566667
1.600000 1.633333 1.666667 1.700000 1.733333 1.766667 1.800000 1.833333 1.866667 1.900000 1.933333 1.966667 2.000000 2.033333 2.066667 2.100000
2.133333 2.166667 2.200000 2.233333 2.266667 2.300000</float_array>
        <technique_common>
          <accessor source="#mixamorig_Hips-Matrix-animation-input-array" count="70">
            <param name="TIME" type="float"/>
          </accessor>
        </technique_common>
      </source>
      <source id="mixamorig_Hips-Matrix-animation-output-transform">
        <float_array id="mixamorig_Hips-Matrix-animation-output-transform-array" count="1120">

-0.634754 0.085335 0.767988 0.491443 0.174719 0.983994 0.035071 93.131432 -0.752702 0.156443 -0.639504 0.484639 0.000000 0.000000 0.000000 1.000000
-0.639273 0.085668 0.764193 0.640409 0.179271 0.982996 0.039771 92.918251 -0.747791 0.162422 -0.643761 0.351451 0.000000 0.000000 0.000000 1.000000
-0.643170 0.086786 0.760789 0.869269 0.186418 0.981410 0.045645 92.562325 -0.742684 0.171182 -0.647392 0.178447 0.000000 0.000000 0.000000 1.000000
-0.645087 0.088187 0.759003 1.209462 0.194965 0.979436 0.051906 91.979050 -0.738817 0.181463 -0.649015 -0.018974 0.000000 0.000000 0.000000 1.000000
-0.644459 0.089622 0.759369 1.674228 0.202796 0.977576 0.056733 91.107407 -0.737256 0.190559 -0.648182 -0.213625 0.000000 0.000000 0.000000 1.000000
-0.641701 0.091892 0.761430 2.265010 0.208495 0.976309 0.057886 89.951004 -0.738072 0.195900 -0.645658 -0.384031 0.000000 0.000000 0.000000 1.000000
-0.636323 0.096880 0.765315 2.991644 0.212856 0.975619 0.053478 88.579056 -0.741475 0.196931 -0.641431 -0.531277 0.000000 0.000000 0.000000 1.000000
-0.625503 0.106357 0.772939 3.878744 0.218278 0.974961 0.042486 87.107239 -0.749067 0.195291 -0.633057 -0.663040 0.000000 0.000000 0.000000 1.000000
-0.605280 0.120255 0.786877 4.964472 0.226352 0.973717 0.025304 85.676315 -0.763152 0.193427 -0.616591 -0.767324 0.000000 0.000000 0.000000 1.000000
-0.572420 0.136328 0.808548 6.324015 0.236815 0.971547 0.003844 84.456940 -0.785018 0.193677 -0.588418 -0.879946 0.000000 0.000000 0.000000 1.000000
-0.524246 0.150807 0.838107 8.170527 0.247720 0.968639 -0.019343 83.609268 -0.814740 0.197476 -0.545162 -1.051150 0.000000 0.000000 0.000000 1.000000
-0.457115 0.160049 0.874888 10.851174 0.256912 0.965505 -0.042394 83.226555 -0.851494 0.205390 -0.482466 -1.302950 0.000000 0.000000 0.000000 1.000000
-0.366610 0.161749 0.916206 14.655290 0.263361 0.962536 -0.064547 83.216034 -0.892322 0.217629 -0.395474 -1.587932 0.000000 0.000000 0.000000 1.000000
-0.249485 0.154562 0.955964 19.472754 0.266645 0.959984 -0.085623 83.257607 -0.930944 0.233541 -0.280715 -1.846192 0.000000 0.000000 0.000000 1.000000
-0.103115 0.137498 0.985120 24.684170 0.264412 0.958554 -0.106113 83.025436 -0.958881 0.249536 -0.135197 -2.103968 0.000000 0.000000 0.000000 1.000000
0.076105 0.111358 0.990862 29.637726 0.251706 0.959414 -0.127156 82.534592 -0.964807 0.259083 0.044987 -2.407198 0.000000 0.000000 0.000000 1.000000
0.286691 0.080557 0.954630 34.252243 0.224695 0.963009 -0.148744 82.196312 -0.931300 0.257145 0.257985 -2.616409 0.000000 0.000000 0.000000 1.000000
0.509411 0.052126 0.858943 38.795517 0.184966 0.968200 -0.168453 82.330994 -0.840409 0.244687 0.483570 -2.474978 0.000000 0.000000 0.000000 1.000000
0.710121 0.030729 0.703409 43.377430 0.140508 0.972767 -0.184344 82.867577 -0.689917 0.229741 0.686465 -1.906440 0.000000 0.000000 0.000000 1.000000
0.861360 0.013886 0.507806 47.926006 0.100434 0.975240 -0.197027 83.555679 -0.497969 0.220712 0.838638 -1.034922 0.000000 0.000000 0.000000 1.000000
0.954854 -0.004726 0.297039 52.361725 0.069517 0.975668 -0.207943 84.149773 -0.288829 0.219204 0.931948 -0.006027 0.000000 0.000000 0.000000 1.000000
0.995537 -0.030705 0.089241 56.809513 0.049726 0.974349 -0.219481 84.617706 -0.080213 0.222939 0.971527 1.195929 0.000000 0.000000 0.000000 1.000000
0.992376 -0.064990 -0.104723 61.351555 0.038661 0.970936 -0.236196 85.008713 0.117029 0.230346 0.966046 2.690501 0.000000 0.000000 0.000000 1.000000
0.955634 -0.102546 -0.276129 65.953613 0.028006 0.964829 -0.261384 85.316956 0.293221 0.242054 0.924895 4.562458 0.000000 0.000000 0.000000 1.000000
0.899935 -0.135861 -0.414317 70.575203 0.010303 0.956577 -0.291297 85.500511 0.435902 0.257880 0.862257 6.927732 0.000000 0.000000 0.000000 1.000000
0.845914 -0.160531 -0.508586 75.152428 -0.010421 0.948466 -0.316708 85.678345 0.533218 0.273208 0.800648 9.960089 0.000000 0.000000 0.000000 1.000000
0.812746 -0.175327 -0.555611 79.523216 -0.023920 0.942801 -0.332498 85.971664 0.582127 0.283526 0.762064 13.672124 0.000000 0.000000 0.000000 1.000000
0.806522 -0.183096 -0.562137 83.574127 -0.025067 0.939389 -0.341936 86.363304 0.590672 0.289870 0.753049 17.893534 0.000000 0.000000 0.000000 1.000000
0.821130 -0.187825 -0.538950 87.330742 -0.015718 0.936499 -0.350319 86.708824 0.570525 0.296129 0.766035 22.353893 0.000000 0.000000 0.000000 1.000000
0.848449 -0.190092 -0.493963 90.797676 0.001640 0.934218 -0.356699 86.778267 0.529274 0.301831 0.792948 26.921680 0.000000 0.000000 0.000000 1.000000
0.881143 -0.188492 -0.433656 93.985504 0.025670 0.934828 -0.354171 86.526932 0.472152 0.300943 0.828556 31.630754 0.000000 0.000000 0.000000 1.000000
0.909493 -0.183129 -0.373212 96.912651 0.049488 0.939057 -0.340181 86.040421 0.412764 0.290922 0.863128 36.467369 0.000000 0.000000 0.000000 1.000000
0.924793 -0.175668 -0.337489 99.736763 0.061622 0.944474 -0.322755 85.572800 0.375448 0.277685 0.884268 41.473904 0.000000 0.000000 0.000000 1.000000
0.925409 -0.163985 -0.341655 102.470222 0.053376 0.948945 -0.310894 85.312523 0.375193 0.269468 0.886914 46.701099 0.000000 0.000000 0.000000 1.000000
0.915935 -0.145014 -0.374211 104.930344 0.026957 0.952560 -0.303155 85.361046 0.400420 0.267582 0.876392 52.202721 0.000000 0.000000 0.000000 1.000000
0.905129 -0.121007 -0.407552 106.938034 -0.004577 0.955808 -0.293956 85.774368 0.425113 0.267933 0.864576 58.038334 0.000000 0.000000 0.000000 1.000000
0.900335 -0.102087 -0.423055 108.390297 -0.025421 0.958101 -0.285299 86.516495 0.434454 0.267619 0.860017 64.337570 0.000000 0.000000 0.000000 1.000000
0.902392 -0.100893 -0.418938 109.338608 -0.024708 0.958490 -0.284054 87.353477 0.430207 0.266679 0.862441 71.150146 0.000000 0.000000 0.000000 1.000000
0.907638 -0.118600 -0.402651 109.968971 -0.003984 0.956777 -0.290797 88.059990 0.419736 0.265542 0.867934 78.395149 0.000000 0.000000 0.000000 1.000000
0.912407 -0.141353 -0.384100 110.398361 0.023918 0.955279 -0.294737 88.266289 0.408585 0.259733 0.874984 85.942451 0.000000 0.000000 0.000000 1.000000
0.914013 -0.145903 -0.378540 110.525681 0.036780 0.959048 -0.280845 87.936348 0.404014 0.242773 0.881949 93.494743 0.000000 0.000000 0.000000 1.000000
0.910161 -0.118652 -0.396899 110.386108 0.020407 0.969782 -0.243117 87.374023 0.413752 0.213176 0.885079 101.001457 0.000000 0.000000 0.000000 1.000000
0.900620 -0.072020 -0.428599 110.122650 -0.012491 0.981477 -0.191171 86.850861 0.434428 0.177526 0.883038 108.323242 0.000000 0.000000 0.000000 1.000000
0.891554 -0.033506 -0.451674 109.993980 -0.036450 0.988717 -0.145292 86.337471 0.451446 0.145999 0.880273 115.432655 0.000000 0.000000 0.000000 1.000000
0.888331 -0.019121 -0.458806 110.081177 -0.039699 0.992194 -0.118215 85.721489 0.457485 0.123228 0.880638 122.552437 0.000000 0.000000 0.000000 1.000000
0.885310 -0.025890 -0.464281 110.265244 -0.026707 0.993970 -0.106353 85.020515 0.464235 0.106555 0.879279 129.774933 0.000000 0.000000 0.000000 1.000000
0.874373 -0.040645 -0.483549 110.401802 -0.010799 0.994609 -0.103130 84.347687 0.485134 0.095395 0.869221 137.003616 0.000000 0.000000 0.000000 1.000000
0.854135 -0.055725 -0.517057 110.404640 0.000100 0.994260 -0.106990 83.873253 0.520051 0.091333 0.849238 144.206451 0.000000 0.000000 0.000000 1.000000
0.828997 -0.068563 -0.555034 110.257652 0.005023 0.993329 -0.115203 83.768951 0.559231 0.092715 0.823811 151.554153 0.000000 0.000000 0.000000 1.000000
0.804421 -0.072990 -0.589558 110.017159 0.001831 0.992723 -0.120406 84.145538 0.594056 0.095778 0.798701 159.470840 0.000000 0.000000 0.000000 1.000000
0.787294 -0.061867 -0.613466 109.832657 -0.012484 0.993150 -0.116179 84.627777 0.616451 0.099125 0.781129 168.286880 0.000000 0.000000 0.000000 1.000000
0.785339 -0.038141 -0.617890 109.825150 -0.032254 0.994224 -0.102366 84.788506 0.618225 0.100321 0.779573 177.623291 0.000000 0.000000 0.000000 1.000000
0.803146 -0.013373 -0.595632 110.003517 -0.045129 0.995510 -0.083203 84.287987 0.594071 0.093705 0.798936 186.707718 0.000000 0.000000 0.000000 1.000000
0.832735 0.000495 -0.553671 110.270241 -0.042209 0.997146 -0.062591 83.422836 0.552060 0.075491 0.830380 195.024292 0.000000 0.000000 0.000000 1.000000
0.857858 0.001612 -0.513884 110.562531 -0.028760 0.998578 -0.044877 82.845947 0.513081 0.053278 0.856685 202.697937 0.000000 0.000000 0.000000 1.000000
0.870380 -0.002309 -0.492375 110.869003 -0.018111 0.999162 -0.036700 82.829132 0.492047 0.040860 0.869609 210.038742 0.000000 0.000000 0.000000 1.000000
0.874967 -0.000233 -0.484182 111.213203 -0.021497 0.998995 -0.039329 83.144531 0.483704 0.044820 0.874083 217.210297 0.000000 0.000000 0.000000 1.000000
0.879841 0.012007 -0.475117 111.530396 -0.038603 0.998183 -0.046261 83.501816 0.473699 0.059043 0.878706 224.152435 0.000000 0.000000 0.000000 1.000000
0.888655 0.028404 -0.457695 111.700653 -0.059028 0.996862 -0.052743 83.741127 0.454761 0.073887 0.887543 230.860840 0.000000 0.000000 0.000000 1.000000
0.899956 0.042612 -0.433894 111.649605 -0.076011 0.995306 -0.059909 83.977707 0.429305 0.086896 0.898970 237.553680 0.000000 0.000000 0.000000 1.000000
0.911707 0.048481 -0.407970 111.300278 -0.083982 0.994037 -0.069553 84.318886 0.402166 0.097674 0.910342 244.653839 0.000000 0.000000 0.000000 1.000000
0.921979 0.043413 -0.384798 110.592567 -0.080179 0.993564 -0.080017 84.801735 0.378847 0.104627 0.919526 252.628616 0.000000 0.000000 0.000000 1.000000
0.927760 0.030768 -0.371906 109.575943 -0.068417 0.993727 -0.088462 85.337608 0.366851 0.107516 0.924046 261.518097 0.000000 0.000000 0.000000 1.000000
0.926658 0.017572 -0.375495 108.459305 -0.056741 0.994000 -0.093511 85.632828 0.371598 0.107959 0.922095 270.807251 0.000000 0.000000 0.000000 1.000000
0.919289 0.012451 -0.393385 107.442528 -0.053303 0.994229 -0.093095 85.376411 0.389956 0.106550 0.914648 279.688202 0.000000 0.000000 0.000000 1.000000
0.910023 0.019994 -0.414074 106.587631 -0.060001 0.994671 -0.083837 84.631874 0.410192 0.101138 0.906374 287.621460 0.000000 0.000000 0.000000 1.000000
0.903680 0.036693 -0.426634 105.833008 -0.071698 0.995222 -0.066272 83.849342 0.422164 0.090477 0.901993 294.793457 0.000000 0.000000 0.000000 1.000000
0.901123 0.054563 -0.430117 105.029015 -0.082729 0.995461 -0.047043 83.394951 0.425597 0.077974 0.901547 301.816345 0.000000 0.000000 0.000000 1.000000
0.899573 0.068162 -0.431419 104.280731 -0.091233 0.995283 -0.032985 83.223816 0.427136 0.069032 0.901548 309.037628 0.000000 0.000000 0.000000 1.000000
0.896271 0.075424 -0.437046 103.596817 -0.096603 0.994973 -0.026399 83.136826 0.432858 0.065881 0.899052 316.434387 0.000000 0.000000 0.000000 1.000000</float_array>
        <technique_common>
          <accessor source="#mixamorig_Hips-Matrix-animation-output-transform-array" count="70" stride="16">
            <param type="float4x4"/>
          </accessor>
        </technique_common>
      </source>
      <source id="mixamorig_Hips-Interpolations">
        <Name_array id="mixamorig_Hips-Interpolations-array" count="70">
 LINEAR LINEAR LINEAR LINEAR LINEAR LINEAR LINEAR LINEAR LINEAR LINEAR LINEAR
LINEAR LINEAR LINEAR LINEAR LINEAR LINEAR LINEAR LINEAR LINEAR LINEAR LINEAR LINEAR
LINEAR LINEAR LINEAR LINEAR LINEAR LINEAR LINEAR LINEAR LINEAR LINEAR LINEAR LINEAR
LINEAR LINEAR LINEAR LINEAR LINEAR LINEAR LINEAR LINEAR LINEAR LINEAR LINEAR LINEAR
LINEAR LINEAR LINEAR LINEAR LINEAR LINEAR LINEAR LINEAR LINEAR LINEAR LINEAR LINEAR
LINEAR LINEAR LINEAR LINEAR LINEAR LINEAR LINEAR LINEAR LINEAR LINEAR LINEAR</Name_array>
        <technique_common>
          <accessor source="#mixamorig_Hips-Interpolations-array" count="70">
            <param type="name"/>
          </accessor>
        </technique_common>
      </source>
      <sampler id="mixamorig_Hips-Matrix-animation-transform">
        <input semantic="INPUT" source="#mixamorig_Hips-Matrix-animation-input"/>
        <input semantic="OUTPUT" source="#mixamorig_Hips-Matrix-animation-output-transform"/>
        <input semantic="INTERPOLATION" source="#mixamorig_Hips-Interpolations"/>
      </sampler>
      <channel source="#mixamorig_Hips-Matrix-animation-transform" target="mixamorig_Hips/matrix"/>
    </animation>
    <animation id="mixamorig_Spine-anim" name="mixamorig_Spine">
      <source id="mixamorig_Spine-Matrix-animation-input">
        <float_array id="mixamorig_Spine-Matrix-animation-input-array" count="70">

0.000000 0.033333 0.066667 0.100000 0.133333 0.166667 0.200000 0.233333 0.266667 0.300000 0.333333 0.366667 0.400000 0.433333 0.466667 0.500000
0.533333 0.566667 0.600000 0.633333 0.666667 0.700000 0.733333 0.766667 0.800000 0.833333 0.866667 0.900000 0.933333 0.966667 1.000000 1.033333
1.066667 1.100000 1.133333 1.166667 1.200000 1.233333 1.266667 1.300000 1.333333 1.366667 1.400000 1.433333 1.466667 1.500000 1.533333 1.566667
1.600000 1.633333 1.666667 1.700000 1.733333 1.766667 1.800000 1.833333 1.866667 1.900000 1.933333 1.966667 2.000000 2.033333 2.066667 2.100000
2.133333 2.166667 2.200000 2.233333 2.266667 2.300000</float_array>
        <technique_common>
          <accessor source="#mixamorig_Spine-Matrix-animation-input-array" count="70">
            <param name="TIME" type="float"/>
          </accessor>
        </technique_common>
      </source>
      <source id="mixamorig_Spine-Matrix-animation-output-transform">
        <float_array id="mixamorig_Spine-Matrix-animation-output-transform-array" count="1120">

0.999827 -0.018486 -0.001829 0.000000 0.018575 0.995968 0.087763 9.465600 0.000199 -0.087782 0.996140 -1.179100 0.000000 0.000000 0.000000 1.000000
0.999847 -0.017128 -0.003486 0.000000 0.017369 0.995952 0.088193 9.465600 0.001962 -0.088240 0.996097 -1.179100 0.000000 0.000000 0.000000 1.000000
0.999880 -0.014502 -0.005447 0.000000 0.014927 0.995956 0.088592 9.465600 0.004140 -0.088663 0.996053 -1.179100 0.000000 0.000000 0.000000 1.000000
0.999918 -0.010327 -0.007607 0.000000 0.010964 0.995958 0.089150 9.465600 0.006656 -0.089226 0.995989 -1.179100 0.000000 0.000000 0.000000 1.000000
0.999938 -0.004826 -0.010014 0.000000 0.005709 0.995918 0.090076 9.465600 0.009539 -0.090128 0.995885 -1.179100 0.000000 0.000000 0.000000 1.000000
0.999917 0.001190 -0.012796 0.000000 -0.000016 0.995818 0.091362 9.465600 0.012851 -0.091355 0.995735 -1.179100 0.000000 0.000000 0.000000 1.000000
0.999852 0.006911 -0.015736 -0.000000 -0.005422 0.995672 0.092781 9.465600 0.016309 -0.092682 0.995562 -1.179100 0.000000 0.000000 0.000000 1.000000
0.999762 0.011994 -0.018242 0.000000 -0.010223 0.995495 0.094259 9.465600 0.019291 -0.094050 0.995381 -1.179100 0.000000 0.000000 0.000000 1.000000
0.999666 0.016169 -0.020139 0.000000 -0.014163 0.995276 0.096043 9.465600 0.021597 -0.095725 0.995173 -1.179100 0.000000 0.000000 0.000000 1.000000
0.999566 0.019399 -0.022155 0.000000 -0.017131 0.995003 0.098365 9.465600 0.023953 -0.097943 0.994904 -1.179100 0.000000 0.000000 0.000000 1.000000
0.999447 0.021553 -0.025309 0.000000 -0.018886 0.994684 0.101232 9.465600 0.027356 -0.100698 0.994541 -1.179100 0.000000 0.000000 0.000000 1.000000
0.999301 0.022462 -0.029899 -0.000000 -0.019208 0.994289 0.104981 9.465600 0.032087 -0.104334 0.994025 -1.179100 0.000000 0.000000 0.000000 1.000000
0.999122 0.022236 -0.035514 0.000000 -0.018185 0.993701 0.110578 9.465600 0.037749 -0.109835 0.993233 -1.179100 0.000000 0.000000 0.000000 1.000000
0.998890 0.020967 -0.042180 0.000000 -0.015848 0.992859 0.118234 9.465600 0.044358 -0.117434 0.992089 -1.179100 0.000000 0.000000 0.000000 1.000000
0.998570 0.017968 -0.050355 0.000000 -0.011513 0.992006 0.125665 9.465600 0.052211 -0.124905 0.990794 -1.179100 0.000000 0.000000 0.000000 1.000000
0.998144 0.012789 -0.059538 0.000000 -0.005005 0.991619 0.129096 9.465600 0.060690 -0.128559 0.989843 -1.179100 0.000000 0.000000 0.000000 1.000000
0.997695 0.006760 -0.067519 0.000000 0.001853 0.991940 0.126691 9.465600 0.067831 -0.126525 0.989642 -1.179100 0.000000 0.000000 0.000000 1.000000
0.997360 0.001811 -0.072597 -0.000000 0.006930 0.992752 0.119978 9.465600 0.072288 -0.120164 0.990119 -1.179100 0.000000 0.000000 0.000000 1.000000
0.997196 -0.000019 -0.074831 0.000000 0.008411 0.993692 0.111832 9.465600 0.074357 -0.112147 0.990906 -1.179100 0.000000 0.000000 0.000000 1.000000
0.997221 0.002604 -0.074461 0.000000 0.005176 0.994553 0.104100 9.465600 0.074327 -0.104196 0.991776 -1.179100 0.000000 0.000000 0.000000 1.000000
0.997455 0.008406 -0.070796 0.000000 -0.001489 0.995264 0.097200 9.465600 0.071278 -0.096848 0.992744 -1.179100 0.000000 0.000000 0.000000 1.000000
0.997894 0.016171 -0.062811 -0.000000 -0.010384 0.995762 0.091382 9.465600 0.064022 -0.090537 0.993833 -1.179100 0.000000 0.000000 0.000000 1.000000
0.998412 0.024883 -0.050546 0.000000 -0.020408 0.995982 0.087202 9.465600 0.052513 -0.086032 0.994907 -1.179100 0.000000 0.000000 0.000000 1.000000
0.998829 0.032327 -0.035998 0.000000 -0.029179 0.995972 0.084785 9.465600 0.038594 -0.083636 0.995749 -1.179100 0.000000 0.000000 0.000000 1.000000
0.999096 0.036188 -0.022301 0.000000 -0.034215 0.995941 0.083248 9.465600 0.025223 -0.082409 0.996279 -1.179100 0.000000 0.000000 0.000000 1.000000
0.999238 0.036940 -0.012594 -0.000000 -0.035798 0.996049 0.081274 9.465600 0.015547 -0.080761 0.996612 -1.179100 0.000000 0.000000 0.000000 1.000000
0.999367 0.034549 -0.008539 0.000000 -0.033776 0.996356 0.078320 9.465600 0.011214 -0.077982 0.996892 -1.179100 0.000000 0.000000 0.000000 1.000000
0.999548 0.028676 -0.009048 0.000000 -0.027915 0.996773 0.075264 9.465600 0.011177 -0.074977 0.997123 -1.179100 0.000000 0.000000 0.000000 1.000000
0.999704 0.021096 -0.012159 0.000000 -0.020153 0.997123 0.073066 9.465600 0.013666 -0.072799 0.997253 -1.179100 0.000000 0.000000 0.000000 1.000000
0.999734 0.015371 -0.017196 -0.000000 -0.014114 0.997378 0.070975 9.465600 0.018242 -0.070714 0.997330 -1.179100 0.000000 0.000000 0.000000 1.000000
0.999607 0.014337 -0.024082 -0.000000 -0.012688 0.997654 0.067274 9.465600 0.024990 -0.066942 0.997444 -1.179100 0.000000 0.000000 0.000000 1.000000
0.999363 0.017193 -0.031274 0.000000 -0.015231 0.997963 0.061956 9.465600 0.032276 -0.061440 0.997589 -1.179100 0.000000 0.000000 0.000000 1.000000
0.999120 0.021204 -0.036200 0.000000 -0.019116 0.998186 0.057093 9.465600 0.037345 -0.056351 0.997712 -1.179100 0.000000 0.000000 0.000000 1.000000
0.999036 0.022145 -0.037890 0.000000 -0.020084 0.998343 0.053931 9.465600 0.039022 -0.053118 0.997826 -1.179100 0.000000 0.000000 0.000000 1.000000
0.999120 0.018032 -0.037867 0.000000 -0.016064 0.998537 0.051634 9.465600 0.038743 -0.050980 0.997948 -1.179100 0.000000 0.000000 0.000000 1.000000
0.999184 0.010528 -0.038997 0.000000 -0.008598 0.998745 0.049337 9.465600 0.039467 -0.048961 0.998021 -1.179100 0.000000 0.000000 0.000000 1.000000
0.999079 0.003942 -0.042717 0.000000 -0.001881 0.998836 0.048189 9.465600 0.042857 -0.048064 0.997924 -1.179100 0.000000 0.000000 0.000000 1.000000
0.998812 0.002450 -0.048666 0.000000 0.000011 0.998724 0.050505 9.465600 0.048727 -0.050446 0.997537 -1.179100 0.000000 0.000000 0.000000 1.000000
0.998499 0.004341 -0.054603 0.000000 -0.001256 0.998407 0.056409 9.465600 0.054761 -0.056256 0.996914 -1.179100 0.000000 0.000000 0.000000 1.000000
0.998232 0.006771 -0.059048 0.000000 -0.003092 0.998059 0.062191 9.465600 0.059354 -0.061899 0.996316 -1.179100 0.000000 0.000000 0.000000 1.000000
0.998192 0.006643 -0.059735 0.000000 -0.002907 0.998047 0.062397 9.465600 0.060033 -0.062111 0.996262 -1.179100 0.000000 0.000000 0.000000 1.000000
0.998494 0.001672 -0.054834 -0.000000 0.001336 0.998498 0.054771 9.465600 0.054843 -0.054762 0.996992 -1.179100 0.000000 0.000000 0.000000 1.000000
0.998877 -0.006219 -0.046975 0.000000 0.008247 0.999037 0.043099 9.465600 0.046661 -0.043438 0.997966 -1.179100 0.000000 0.000000 0.000000 1.000000
0.999099 -0.012875 -0.040441 -0.000000 0.014242 0.999331 0.033680 9.465600 0.039981 -0.034226 0.998614 -1.179100 0.000000 0.000000 0.000000 1.000000
0.999189 -0.015506 -0.037161 0.000000 0.016615 0.999421 0.029705 9.465600 0.036679 -0.030299 0.998868 -1.179100 0.000000 0.000000 0.000000 1.000000
0.999344 -0.011718 -0.034280 0.000000 0.012759 0.999460 0.030291 9.465600 0.033906 -0.030709 0.998953 -1.179100 0.000000 0.000000 0.000000 1.000000
0.999573 -0.004261 -0.028897 0.000000 0.005216 0.999440 0.033062 9.465600 0.028740 -0.033198 0.999035 -1.179100 0.000000 0.000000 0.000000 1.000000
0.999787 0.003293 -0.020398 0.000000 -0.002549 0.999335 0.036375 9.465600 0.020504 -0.036316 0.999130 -1.179100 0.000000 0.000000 0.000000 1.000000
0.999900 0.009635 -0.010368 0.000000 -0.009222 0.999190 0.039164 9.465600 0.010737 -0.039064 0.999179 -1.179100 0.000000 0.000000 0.000000 1.000000
0.999914 0.013077 -0.000884 0.000000 -0.013030 0.999089 0.040636 9.465600 0.001414 -0.040621 0.999174 -1.179100 0.000000 0.000000 0.000000 1.000000
0.999924 0.011235 0.005135 0.000000 -0.011436 0.999094 0.040989 9.465600 -0.004670 -0.041045 0.999146 -1.179100 0.000000 0.000000 0.000000 1.000000
0.999956 0.006167 0.007044 -0.000000 -0.006450 0.999146 0.040808 9.465600 -0.006786 -0.040852 0.999142 -1.179100 0.000000 0.000000 0.000000 1.000000
0.999991 0.001970 0.003812 0.000000 -0.002118 0.999227 0.039257 9.465600 -0.003732 -0.039265 0.999222 -1.179100 0.000000 0.000000 0.000000 1.000000
0.999991 0.002076 -0.003778 0.000000 -0.001943 0.999389 0.034906 9.465600 0.003848 -0.034899 0.999383 -1.179100 0.000000 0.000000 0.000000 1.000000
0.999926 0.004877 -0.011105 -0.000000 -0.004561 0.999590 0.028264 9.465600 0.011239 -0.028211 0.999539 -1.179100 0.000000 0.000000 0.000000 1.000000
0.999874 0.006583 -0.014416 0.000000 -0.006269 0.999744 0.021724 9.465600 0.014555 -0.021631 0.999660 -1.179100 0.000000 0.000000 0.000000 1.000000
0.999885 0.003216 -0.014823 -0.000000 -0.002963 0.999850 0.017051 9.465600 0.014876 -0.017005 0.999745 -1.179100 0.000000 0.000000 0.000000 1.000000
0.999873 -0.005000 -0.015113 0.000000 0.005215 0.999885 0.014242 9.465600 0.015040 -0.014319 0.999784 -1.179100 0.000000 0.000000 0.000000 1.000000
0.999764 -0.012746 -0.017616 0.000000 0.012969 0.999837 0.012600 9.465600 0.017453 -0.012825 0.999765 -1.179100 0.000000 0.000000 0.000000 1.000000
0.999577 -0.018426 -0.022481 0.000000 0.018694 0.999756 0.011760 9.465600 0.022258 -0.012175 0.999678 -1.179100 0.000000 0.000000 0.000000 1.000000
0.999372 -0.020907 -0.028600 0.000000 0.021255 0.999703 0.011920 9.465600 0.028342 -0.012521 0.999520 -1.179100 0.000000 0.000000 0.000000 1.000000
0.999214 -0.020558 -0.033908 0.000000 0.021026 0.999688 0.013500 9.465600 0.033620 -0.014202 0.999334 -1.179100 0.000000 0.000000 0.000000 1.000000
0.999150 -0.019889 -0.036113 0.000000 0.020502 0.999651 0.016685 9.465600 0.035768 -0.017411 0.999208 -1.179100 0.000000 0.000000 0.000000 1.000000
0.999208 -0.020030 -0.034391 0.000000 0.020744 0.999574 0.020532 9.465600 0.033965 -0.021229 0.999198 -1.179100 0.000000 0.000000 0.000000 1.000000
0.999345 -0.021142 -0.029367 0.000000 0.021802 0.999513 0.022340 9.465600 0.028881 -0.022966 0.999319 -1.179100 0.000000 0.000000 0.000000 1.000000
0.999472 -0.022852 -0.023117 0.000000 0.023304 0.999539 0.019475 9.465600 0.022661 -0.020004 0.999543 -1.179100 0.000000 0.000000 0.000000 1.000000
0.999543 -0.024537 -0.017648 0.000000 0.024757 0.999617 0.012361 9.465600 0.017338 -0.012792 0.999768 -1.179100 0.000000 0.000000 0.000000 1.000000
0.999567 -0.026249 -0.013312 -0.000000 0.026312 0.999643 0.004568 9.465600 0.013187 -0.004916 0.999901 -1.179100 0.000000 0.000000 0.000000 1.000000
0.999551 -0.028447 -0.009404 0.000000 0.028442 0.999595 -0.000673 9.465600 0.009420 0.000405 0.999956 -1.179100 0.000000 0.000000 0.000000 1.000000
0.999544 -0.029726 -0.005359 0.000000 0.029712 0.999555 -0.002621 9.465600 0.005435 0.002461 0.999982 -1.179100 0.000000 0.000000 0.000000 1.000000</float_array>
        <technique_common>
          <accessor source="#mixamorig_Spine-Matrix-animation-output-transform-array" count="70" stride="16">
            <param type="float4x4"/>
          </accessor>
        </technique_common>
      </source>
      <source id="mixamorig_Spine-Interpolations">
        <Name_array id="mixamorig_Spine-Interpolations-array" count="70">
 LINEAR LINEAR LINEAR LINEAR LINEAR LINEAR LINEAR LINEAR LINEAR LINEAR LINEAR
LINEAR LINEAR LINEAR LINEAR LINEAR LINEAR LINEAR LINEAR LINEAR LINEAR LINEAR LINEAR
LINEAR LINEAR LINEAR LINEAR LINEAR LINEAR LINEAR LINEAR LINEAR LINEAR LINEAR LINEAR
LINEAR LINEAR LINEAR LINEAR LINEAR LINEAR LINEAR LINEAR LINEAR LINEAR LINEAR LINEAR
LINEAR LINEAR LINEAR LINEAR LINEAR LINEAR LINEAR LINEAR LINEAR LINEAR LINEAR LINEAR
LINEAR LINEAR LINEAR LINEAR LINEAR LINEAR LINEAR LINEAR LINEAR LINEAR LINEAR</Name_array>
        <technique_common>
          <accessor source="#mixamorig_Spine-Interpolations-array" count="70">
            <param type="name"/>
          </accessor>
        </technique_common>
      </source>
      <sampler id="mixamorig_Spine-Matrix-animation-transform">
        <input semantic="INPUT" source="#mixamorig_Spine-Matrix-animation-input"/>
        <input semantic="OUTPUT" source="#mixamorig_Spine-Matrix-animation-output-transform"/>
        <input semantic="INTERPOLATION" source="#mixamorig_Spine-Interpolations"/>
      </sampler>
      <channel source="#mixamorig_Spine-Matrix-animation-transform" target="mixamorig_Spine/matrix"/>
    </animation>
    <animation id="mixamorig_Spine1-anim" name="mixamorig_Spine1">
      <source id="mixamorig_Spine1-Matrix-animation-input">
        <float_array id="mixamorig_Spine1-Matrix-animation-input-array" count="70">

0.000000 0.033333 0.066667 0.100000 0.133333 0.166667 0.200000 0.233333 0.266667 0.300000 0.333333 0.366667 0.400000 0.433333 0.466667 0.500000
0.533333 0.566667 0.600000 0.633333 0.666667 0.700000 0.733333 0.766667 0.800000 0.833333 0.866667 0.900000 0.933333 0.966667 1.000000 1.033333
1.066667 1.100000 1.133333 1.166667 1.200000 1.233333 1.266667 1.300000 1.333333 1.366667 1.400000 1.433333 1.466667 1.500000 1.533333 1.566667
1.600000 1.633333 1.666667 1.700000 1.733333 1.766667 1.800000 1.833333 1.866667 1.900000 1.933333 1.966667 2.000000 2.033333 2.066667 2.100000
2.133333 2.166667 2.200000 2.233333 2.266667 2.300000</float_array>
        <technique_common>
          <accessor source="#mixamorig_Spine1-Matrix-animation-input-array" count="70">
            <param name="TIME" type="float"/>
          </accessor>
        </technique_common>
      </source>
      <source id="mixamorig_Spine1-Matrix-animation-output-transform">
        <float_array id="mixamorig_Spine1-Matrix-animation-output-transform-array" count="1120">

0.998490 -0.054817 -0.003705 -0.000000 0.054405 0.995883 -0.072509 11.128500 0.007665 0.072198 0.997361 -0.000000 0.000000 0.000000 0.000000 1.000000
0.998588 -0.052636 -0.007225 0.000000 0.051985 0.996068 -0.071733 11.128500 0.010973 0.071256 0.997398 0.000000 0.000000 0.000000 0.000000 1.000000
0.998774 -0.048170 -0.011452 0.000000 0.047238 0.996355 -0.071028 11.128500 0.014832 0.070400 0.997409 0.000000 0.000000 0.000000 0.000000 1.000000
0.999038 -0.040742 -0.016201 0.000000 0.039514 0.996764 -0.069999 11.128500 0.019000 0.069292 0.997415 0.000000 0.000000 0.000000 0.000000 1.000000
0.999295 -0.030790 -0.021499 0.000000 0.029259 0.997241 -0.068216 11.128500 0.023540 0.067538 0.997439 0.000000 0.000000 0.000000 0.000000 1.000000
0.999426 -0.019890 -0.027435 0.000000 0.018052 0.997677 -0.065693 11.128500 0.028678 0.065160 0.997463 0.000000 0.000000 0.000000 0.000000 1.000000
0.999396 -0.009660 -0.033379 0.000000 0.007546 0.997992 -0.062884 11.128500 0.033919 0.062594 0.997463 0.000000 0.000000 0.000000 0.000000 1.000000
0.999277 -0.000932 -0.037997 -0.000000 -0.001349 0.998201 -0.059944 11.128500 0.037984 0.059952 0.997478 0.000000 0.000000 0.000000 0.000000 1.000000
0.999149 0.006101 -0.040786 -0.000000 -0.008397 0.998374 -0.056377 11.128500 0.040376 0.056671 0.997576 -0.000000 0.000000 0.000000 0.000000 1.000000
0.999001 0.011298 -0.043239 -0.000000 -0.013532 0.998569 -0.051740 11.128500 0.042593 0.052274 0.997724 -0.000000 0.000000 0.000000 0.000000 1.000000
0.998746 0.014519 -0.047908 -0.000000 -0.016728 0.998800 -0.046034 11.128500 0.047182 0.046777 0.997790 -0.000000 0.000000 0.000000 0.000000 1.000000
0.998272 0.016034 -0.056536 0.000000 -0.018231 0.999090 -0.038551 11.128500 0.055867 0.039515 0.997656 0.000000 0.000000 0.000000 0.000000 1.000000
0.997444 0.016489 -0.069529 0.000000 -0.018427 0.999457 -0.027317 11.128500 0.069041 0.028528 0.997206 0.000000 0.000000 0.000000 0.000000 1.000000
0.996118 0.016090 -0.086546 0.000000 -0.017181 0.999782 -0.011882 11.128500 0.086336 0.013322 0.996177 0.000000 0.000000 0.000000 0.000000 1.000000
0.994249 0.013982 -0.106175 0.000000 -0.013720 0.999901 0.003200 11.128500 0.106209 -0.001725 0.994342 0.000000 0.000000 0.000000 0.000000 1.000000
0.992092 0.008966 -0.125189 0.000000 -0.007733 0.999917 0.010335 11.128500 0.125271 -0.009285 0.992079 0.000000 0.000000 0.000000 0.000000 1.000000
0.990136 0.001274 -0.140101 -0.000000 -0.000486 0.999984 0.005662 11.128500 0.140106 -0.005538 0.990121 -0.000000 0.000000 0.000000 0.000000 1.000000
0.988739 -0.006490 -0.149512 0.000000 0.005383 0.999955 -0.007809 11.128500 0.149556 0.006916 0.988729 0.000000 0.000000 0.000000 0.000000 1.000000
0.988050 -0.010420 -0.153779 0.000000 0.006775 0.999684 -0.024213 11.128500 0.153983 0.022882 0.987808 0.000000 0.000000 0.000000 0.000000 1.000000
0.988244 -0.007498 -0.152701 0.000000 0.001444 0.999210 -0.039717 11.128500 0.152878 0.039030 0.987474 -0.000000 0.000000 0.000000 0.000000 1.000000
0.989487 0.002849 -0.144592 -0.000000 -0.010653 0.998526 -0.053224 11.128500 0.144227 0.054205 0.988059 0.000000 0.000000 0.000000 0.000000 1.000000
0.991621 0.018929 -0.127787 -0.000000 -0.027338 0.997551 -0.064372 11.128500 0.126256 0.067326 0.989710 0.000000 0.000000 0.000000 0.000000 1.000000
0.993996 0.037758 -0.102699 0.000000 -0.045327 0.996345 -0.072398 11.128500 0.099590 0.076618 0.992074 0.000000 0.000000 0.000000 0.000000 1.000000
0.995788 0.055455 -0.073011 -0.000000 -0.061077 0.995146 -0.077159 11.128500 0.068378 0.081293 0.994342 -0.000000 0.000000 0.000000 0.000000 1.000000
0.996673 0.067769 -0.045281 -0.000000 -0.071253 0.994216 -0.080360 11.128500 0.039573 0.083319 0.995737 0.000000 0.000000 0.000000 0.000000 1.000000
0.997082 0.071731 -0.026103 0.000000 -0.073701 0.993688 -0.084570 11.128500 0.019872 0.086247 0.996076 0.000000 0.000000 0.000000 0.000000 1.000000
0.997589 0.066983 -0.018177 0.000000 -0.068362 0.993533 -0.090652 11.128500 0.011987 0.091676 0.995717 -0.000000 0.000000 0.000000 0.000000 1.000000
0.998289 0.055241 -0.019143 0.000000 -0.056843 0.993680 -0.096794 11.128500 0.013675 0.097716 0.995120 -0.000000 0.000000 0.000000 0.000000 1.000000
0.998907 0.039462 -0.025056 0.000000 -0.041806 0.993987 -0.101202 11.128500 0.020912 0.102139 0.994550 0.000000 0.000000 0.000000 0.000000 1.000000
0.999109 0.024034 -0.034703 0.000000 -0.027577 0.994034 -0.105529 11.128500 0.031960 0.106392 0.993811 -0.000000 0.000000 0.000000 0.000000 1.000000
0.998715 0.013901 -0.048732 0.000000 -0.019353 0.993377 -0.113258 11.128500 0.046835 0.114056 0.992370 0.000000 0.000000 0.000000 0.000000 1.000000
0.997856 0.011250 -0.064475 0.000000 -0.019211 0.992068 -0.124225 11.128500 0.062566 0.125198 0.990157 0.000000 0.000000 0.000000 0.000000 1.000000
0.997077 0.013171 -0.075262 0.000000 -0.023213 0.990690 -0.134145 11.128500 0.072794 0.135499 0.988100 0.000000 0.000000 0.000000 0.000000 1.000000
0.996904 0.014208 -0.077335 -0.000000 -0.025000 0.989775 -0.140432 11.128500 0.074549 0.141931 0.987065 0.000000 0.000000 0.000000 0.000000 1.000000
0.997110 0.011300 -0.075127 0.000000 -0.022115 0.989224 -0.144731 11.128500 0.072682 0.145974 0.986615 0.000000 0.000000 0.000000 0.000000 1.000000
0.997020 0.005542 -0.076950 0.000000 -0.016982 0.988718 -0.148823 11.128500 0.075258 0.149687 0.985865 -0.000000 0.000000 0.000000 0.000000 1.000000
0.996232 0.000301 -0.086728 0.000000 -0.013410 0.988502 -0.150611 11.128500 0.085685 0.151206 0.984782 0.000000 0.000000 0.000000 0.000000 1.000000
0.994785 -0.001337 -0.101982 0.000000 -0.013617 0.989221 -0.145793 11.128500 0.101077 0.146422 0.984045 0.000000 0.000000 0.000000 0.000000 1.000000
0.993051 0.001195 -0.117681 0.000000 -0.017065 0.990843 -0.133939 11.128500 0.116443 0.135016 0.983977 0.000000 0.000000 0.000000 0.000000 1.000000
0.991715 0.004635 -0.128375 -0.000000 -0.020477 0.992274 -0.122362 11.128500 0.126816 0.123977 0.984148 0.000000 0.000000 0.000000 0.000000 1.000000
0.991704 0.003684 -0.128488 0.000000 -0.019497 0.992334 -0.122036 11.128500 0.127053 0.123529 0.984174 0.000000 0.000000 0.000000 0.000000 1.000000
0.993229 -0.004149 -0.116095 0.000000 -0.011917 0.990452 -0.137345 11.128500 0.115556 0.137799 0.983696 -0.000000 0.000000 0.000000 0.000000 1.000000
0.995169 -0.015264 -0.096985 0.000000 -0.000508 0.987027 -0.160556 11.128500 0.098177 0.159829 0.982250 0.000000 0.000000 0.000000 0.000000 1.000000
0.996452 -0.022358 -0.081143 -0.000000 0.007496 0.983817 -0.179018 11.128500 0.083833 0.177775 0.980494 0.000000 0.000000 0.000000 0.000000 1.000000
0.997108 -0.020480 -0.073180 0.000000 0.006494 0.982440 -0.186465 11.128500 0.075714 0.185451 0.979732 0.000000 0.000000 0.000000 0.000000 1.000000
0.997606 -0.010491 -0.068359 0.000000 -0.002349 0.982718 -0.185094 11.128500 0.069119 0.184811 0.980340 0.000000 0.000000 0.000000 0.000000 1.000000
0.998225 0.003035 -0.059480 0.000000 -0.013698 0.983627 -0.179692 11.128500 0.057960 0.180188 0.981923 0.000000 0.000000 0.000000 0.000000 1.000000
0.998878 0.015845 -0.044632 0.000000 -0.023366 0.984574 -0.173401 11.128500 0.041196 0.174249 0.983839 0.000000 0.000000 0.000000 0.000000 1.000000
0.999320 0.025451 -0.026696 0.000000 -0.029588 0.985302 -0.168241 11.128500 0.022021 0.168916 0.985384 0.000000 0.000000 0.000000 0.000000 1.000000
0.999515 0.029772 -0.009087 0.000000 -0.030866 0.985705 -0.165626 11.128500 0.004026 0.165827 0.986147 0.000000 0.000000 0.000000 0.000000 1.000000
0.999632 0.026747 0.004554 0.000000 -0.025629 0.985952 -0.165051 11.128500 -0.008905 0.164873 0.986275 0.000000 0.000000 0.000000 0.000000 1.000000
0.999810 0.017301 0.008964 0.000000 -0.015581 0.986101 -0.165412 11.128500 -0.011701 0.165241 0.986184 -0.000000 0.000000 0.000000 0.000000 1.000000
0.999973 0.007346 0.000832 0.000000 -0.007100 0.985685 -0.168450 11.128500 -0.002058 0.168440 0.985710 0.000000 0.000000 0.000000 0.000000 1.000000
0.999878 0.003207 -0.015287 0.000000 -0.005864 0.984181 -0.177070 11.128500 0.014477 0.177138 0.984080 0.000000 0.000000 0.000000 0.000000 1.000000
0.999575 0.004719 -0.028774 0.000000 -0.010109 0.981697 -0.190180 11.128500 0.027350 0.190390 0.981327 0.000000 0.000000 0.000000 0.000000 1.000000
0.999440 0.005713 -0.032957 0.000000 -0.012292 0.979090 -0.203054 11.128500 0.031107 0.203346 0.978613 0.000000 0.000000 0.000000 0.000000 1.000000
0.999521 0.001410 -0.030914 0.000000 -0.007940 0.977204 -0.212153 11.128500 0.029911 0.212297 0.976747 0.000000 0.000000 0.000000 0.000000 1.000000
0.999511 -0.007383 -0.030392 0.000000 0.000598 0.976075 -0.217433 11.128500 0.031270 0.217308 0.975602 0.000000 0.000000 0.000000 0.000000 1.000000
0.999210 -0.017180 -0.035843 -0.000000 0.008862 0.975356 -0.220457 11.128500 0.038747 0.219965 0.974738 0.000000 0.000000 0.000000 0.000000 1.000000
0.998582 -0.025761 -0.046594 0.000000 0.014794 0.974943 -0.221961 11.128500 0.051144 0.220957 0.973942 0.000000 0.000000 0.000000 0.000000 1.000000
0.997695 -0.032430 -0.059611 0.000000 0.018446 0.974946 -0.221673 11.128500 0.065307 0.220063 0.973297 0.000000 0.000000 0.000000 0.000000 1.000000
0.996785 -0.036791 -0.071175 0.000000 0.020383 0.975554 -0.218815 11.128500 0.077486 0.216660 0.973167 0.000000 0.000000 0.000000 0.000000 1.000000
0.996253 -0.038982 -0.077199 0.000000 0.021733 0.976855 -0.212797 11.128500 0.083707 0.210322 0.974042 -0.000000 0.000000 0.000000 0.000000 1.000000
0.996375 -0.040119 -0.075017 0.000000 0.023931 0.978389 -0.205385 11.128500 0.081635 0.202845 0.975802 0.000000 0.000000 0.000000 0.000000 1.000000
0.996991 -0.041335 -0.065570 0.000000 0.027313 0.979030 -0.201876 11.128500 0.072540 0.199478 0.977214 0.000000 0.000000 0.000000 0.000000 1.000000
0.997690 -0.042944 -0.052639 -0.000000 0.031140 0.977747 -0.207463 11.128500 0.060377 0.205345 0.976826 0.000000 0.000000 0.000000 0.000000 1.000000
0.998210 -0.044759 -0.039672 0.000000 0.034903 0.974576 -0.221323 11.128500 0.048569 0.219542 0.974393 0.000000 0.000000 0.000000 0.000000 1.000000
0.998541 -0.046169 -0.028004 0.000000 0.038260 0.970897 -0.236420 11.128500 0.038104 0.235004 0.971247 0.000000 0.000000 0.000000 0.000000 1.000000
0.998781 -0.046086 -0.017684 0.000000 0.040317 0.968321 -0.246432 11.128500 0.028481 0.245419 0.968999 0.000000 0.000000 0.000000 0.000000 1.000000
0.999008 -0.043683 -0.008615 0.000000 0.040145 0.967399 -0.250055 11.128500 0.019257 0.249462 0.968193 0.000000 0.000000 0.000000 0.000000 1.000000</float_array>
        <technique_common>
          <accessor source="#mixamorig_Spine1-Matrix-animation-output-transform-array" count="70" stride="16">
            <param type="float4x4"/>
          </accessor>
        </technique_common>
      </source>
      <source id="mixamorig_Spine1-Interpolations">
        <Name_array id="mixamorig_Spine1-Interpolations-array" count="70">
 LINEAR LINEAR LINEAR LINEAR LINEAR LINEAR LINEAR LINEAR LINEAR LINEAR LINEAR
LINEAR LINEAR LINEAR LINEAR LINEAR LINEAR LINEAR LINEAR LINEAR LINEAR LINEAR LINEAR
LINEAR LINEAR LINEAR LINEAR LINEAR LINEAR LINEAR LINEAR LINEAR LINEAR LINEAR LINEAR
LINEAR LINEAR LINEAR LINEAR LINEAR LINEAR LINEAR LINEAR LINEAR LINEAR LINEAR LINEAR
LINEAR LINEAR LINEAR LINEAR LINEAR LINEAR LINEAR LINEAR LINEAR LINEAR LINEAR LINEAR
LINEAR LINEAR LINEAR LINEAR LINEAR LINEAR LINEAR LINEAR LINEAR LINEAR LINEAR</Name_array>
        <technique_common>
          <accessor source="#mixamorig_Spine1-Interpolations-array" count="70">
            <param type="name"/>
          </accessor>
        </technique_common>
      </source>
      <sampler id="mixamorig_Spine1-Matrix-animation-transform">
        <input semantic="INPUT" source="#mixamorig_Spine1-Matrix-animation-input"/>
        <input semantic="OUTPUT" source="#mixamorig_Spine1-Matrix-animation-output-transform"/>
