<?xml version="1.0" encoding="utf-8"?>
<COLLADA xmlns="http://www.collada.org/2005/11/COLLADASchema" version="1.4.1">
  <asset>
    <contributor>
      <author>Mixamo</author>
      <authoring_tool>COLLADA Mixamo exporter</authoring_tool>
      <comments/>
    </contributor>
    <created>2024-05-25T15:54:34Z</created>
    <modified>2024-05-25T15:54:34Z</modified>
    <revision/>
    <title/>
    <unit meter="0.010000"/>
    <up_axis>Y_UP</up_axis>
  </asset>
  <library_animations>
    <animation id="mixamorig_Hips-anim" name="mixamorig_Hips">
      <source id="mixamorig_Hips-Matrix-animation-input">
        <float_array id="mixamorig_Hips-Matrix-animation-input-array" count="31">

0.000000 0.033333 0.066667 0.100000 0.133333 0.166667 0.200000 0.233333 0.266667 0.300000 0.333333 0.366667 0.400000 0.433333 0.466667 0.500000
0.533333 0.566667 0.600000 0.633333 0.666667 0.700000 0.733333 0.766667 0.800000 0.833333 0.866667 0.900000 0.933333 0.966667 1.000000</float_array>
        <technique_common>
          <accessor source="#mixamorig_Hips-Matrix-animation-input-array" count="31">
            <param name="TIME" type="float"/>
          </accessor>
        </technique_common>
      </source>
      <source id="mixamorig_Hips-Matrix-animation-output-transform">
        <float_array id="mixamorig_Hips-Matrix-animation-output-transform-array" count="496">

0.994014 -0.054380 0.094763 0.287791 -0.108875 -0.420552 0.900712 34.250385 -0.009128 -0.905637 -0.423955 -1.487752 0.000000 0.000000 0.000000 1.000000
0.987902 -0.098007 -0.120181 3.664800 0.063597 -0.450767 0.890373 34.392487 -0.141436 -0.887245 -0.439081 -3.245109 0.000000 0.000000 0.000000 1.000000
0.937686 -0.131159 -0.321780 7.060294 0.237008 -0.435785 0.868285 34.586002 -0.254110 -0.890443 -0.377543 -6.194472 0.000000 0.000000 0.000000 1.000000
0.853044 -0.173202 -0.492258 10.021186 0.412682 -0.353447 0.839505 35.058640 -0.319391 -0.919280 -0.230028 -10.561588 0.000000 0.000000 0.000000 1.000000
0.752748 -0.246095 -0.610580 11.939308 0.575643 -0.203917 0.791867 36.280956 -0.319382 -0.947552 -0.011835 -16.092915 0.000000 0.000000 0.000000 1.000000
0.666298 -0.356545 -0.654923 12.455996 0.699332 -0.006047 0.714771 38.632538 -0.258808 -0.934259 0.245314 -22.081795 0.000000 0.000000 0.000000 1.000000
0.619317 -0.488347 -0.614787 11.890490 0.767420 0.211090 0.605399 41.801975 -0.165869 -0.846734 0.505499 -27.909977 0.000000 0.000000 0.000000 1.000000
0.613563 -0.607668 -0.504262 10.597177 0.786748 0.415778 0.456241 45.711941 -0.067581 -0.676660 0.733188 -33.668976 0.000000 0.000000 0.000000 1.000000
0.632465 -0.687619 -0.356606 8.664660 0.774134 0.576905 0.260572 50.322937 0.026554 -0.440863 0.897181 -38.858646 0.000000 0.000000 0.000000 1.000000
0.672375 -0.712870 -0.199321 6.431671 0.730351 0.682718 0.021978 55.420994 0.120413 -0.160352 0.979688 -42.806953 0.000000 0.000000 0.000000 1.000000
0.733803 -0.677902 -0.044527 4.370440 0.649345 0.719139 -0.247368 60.650536 0.199713 0.152606 0.967898 -44.907455 0.000000 0.000000 0.000000 1.000000
0.808740 -0.582669 0.080222 2.822724 0.535147 0.672370 -0.511407 65.481537 0.244042 0.456525 0.855586 -45.074612 0.000000 0.000000 0.000000 1.000000
0.890726 -0.438112 0.121104 2.062992 0.382600 0.578800 -0.720144 69.723305 0.245408 0.687785 0.683174 -43.529110 0.000000 0.000000 0.000000 1.000000
0.962850 -0.266257 0.045022 2.576104 0.174869 0.487744 -0.855293 72.896126 0.205769 0.831392 0.516185 -41.037693 0.000000 0.000000 0.000000 1.000000
0.987505 -0.093661 -0.126733 4.547124 -0.079166 0.400520 -0.912862 73.839195 0.136259 0.911489 0.388100 -39.306973 0.000000 0.000000 0.000000 1.000000
0.938962 0.066877 -0.337458 7.195936 -0.340565 0.319402 -0.884307 71.925003 0.048645 0.945256 0.322682 -39.579185 0.000000 0.000000 0.000000 1.000000
0.824907 0.218328 -0.521403 9.592360 -0.564649 0.275111 -0.778129 67.941162 -0.026444 0.936294 0.350220 -41.474007 0.000000 0.000000 0.000000 1.000000
0.674619 0.373341 -0.636794 11.282308 -0.736123 0.276112 -0.617969 62.868080 -0.054887 0.885652 0.461095 -43.468224 0.000000 0.000000 0.000000 1.000000
0.497198 0.534745 -0.683258 11.902077 -0.867029 0.276734 -0.414342 57.164345 -0.032487 0.798415 0.601231 -44.193871 0.000000 0.000000 0.000000 1.000000
0.289361 0.697264 -0.655815 10.922000 -0.956577 0.235737 -0.171429 51.019356 0.035068 0.676942 0.735200 -43.149231 0.000000 0.000000 0.000000 1.000000
0.136140 0.844507 -0.517952 7.755730 -0.976652 0.202107 0.072824 45.113106 0.166182 0.495944 0.852304 -40.332619 0.000000 0.000000 0.000000 1.000000
0.128535 0.944172 -0.303344 2.893291 -0.934609 0.217619 0.281332 40.364914 0.331639 0.247347 0.910404 -35.928040 0.000000 0.000000 0.000000 1.000000
0.159434 0.981575 -0.105317 -1.673952 -0.872086 0.190034 0.450947 36.592964 0.462653 0.019949 0.886315 -30.724371 0.000000 0.000000 0.000000 1.000000
0.207032 0.977393 0.042899 -5.045780 -0.808206 0.146156 0.570475 34.679260 0.551308 -0.152778 0.820194 -25.659782 0.000000 0.000000 0.000000 1.000000
0.280682 0.930889 0.233803 -7.022965 -0.746038 0.058340 0.663343 33.867130 0.603859 -0.360615 0.710853 -21.778486 0.000000 0.000000 0.000000 1.000000
0.390651 0.833257 0.391248 -8.427547 -0.674263 -0.030348 0.737867 33.748505 0.626707 -0.552052 0.549979 -18.113407 0.000000 0.000000 0.000000 1.000000
0.551335 0.705169 0.445832 -9.314954 -0.575531 -0.065395 0.815161 34.286331 0.603981 -0.706017 0.369793 -14.407880 0.000000 0.000000 0.000000 1.000000
0.705036 0.557680 0.438084 -9.254742 -0.457994 -0.113583 0.881669 34.838722 0.541448 -0.822248 0.175334 -10.627991 0.000000 0.000000 0.000000 1.000000
0.838232 0.375234 0.395686 -7.697597 -0.338471 -0.210911 0.917035 34.928551 0.427557 -0.902616 -0.049787 -7.064736 0.000000 0.000000 0.000000 1.000000
0.945299 0.156490 0.286217 -4.418560 -0.222985 -0.330415 0.917117 34.587666 0.238090 -0.930772 -0.277446 -4.001139 0.000000 0.000000 0.000000 1.000000
0.994014 -0.054380 0.094763 0.287783 -0.108875 -0.420552 0.900712 34.250378 -0.009128 -0.905637 -0.423955 -1.487747 0.000000 0.000000 0.000000 1.000000</float_array>
        <technique_common>
          <accessor source="#mixamorig_Hips-Matrix-animation-output-transform-array" count="31" stride="16">
            <param type="float4x4"/>
          </accessor>
        </technique_common>
      </source>
      <source id="mixamorig_Hips-Interpolations">
        <Name_array id="mixamorig_Hips-Interpolations-array" count="31">
 LINEAR LINEAR LINEAR LINEAR LINEAR LINEAR LINEAR LINEAR LINEAR LINEAR LINEAR
LINEAR LINEAR LINEAR LINEAR LINEAR LINEAR LINEAR LINEAR LINEAR LINEAR LINEAR LINEAR
LINEAR LINEAR LINEAR LINEAR LINEAR LINEAR LINEAR LINEAR</Name_array>
        <technique_common>
          <accessor source="#mixamorig_Hips-Interpolations-array" count="31">
            <param type="name"/>
          </accessor>
        </technique_common>
      </source>
      <sampler id="mixamorig_Hips-Matrix-animation-transform">
        <input semantic="INPUT" source="#mixamorig_Hips-Matrix-animation-input"/>
        <input semantic="OUTPUT" source="#mixamorig_Hips-Matrix-animation-output-transform"/>
        <input semantic="INTERPOLATION" source="#mixamorig_Hips-Interpolations"/>
      </sampler>
      <channel source="#mixamorig_Hips-Matrix-animation-transform" target="mixamorig_Hips/matrix"/>
    </animation>
    <animation id="mixamorig_Spine-anim" name="mixamorig_Spine">
      <source id="mixamorig_Spine-Matrix-animation-input">
        <float_array id="mixamorig_Spine-Matrix-animation-input-array" count="31">

0.000000 0.033333 0.066667 0.100000 0.133333 0.166667 0.200000 0.233333 0.266667 0.300000 0.333333 0.366667 0.400000 0.433333 0.466667 0.500000
0.533333 0.566667 0.600000 0.633333 0.666667 0.700000 0.733333 0.766667 0.800000 0.833333 0.866667 0.900000 0.933333 0.966667 1.000000</float_array>
        <technique_common>
          <accessor source="#mixamorig_Spine-Matrix-animation-input-array" count="31">
            <param name="TIME" type="float"/>
          </accessor>
        </technique_common>
      </source>
      <source id="mixamorig_Spine-Matrix-animation-output-transform">
        <float_array id="mixamorig_Spine-Matrix-animation-output-transform-array" count="496">

0.989882 0.044963 -0.134583 0.000000 -0.128888 0.681612 -0.720273 9.465600 0.059348 0.730331 0.680510 -1.179100 0.000000 0.000000 0.000000 1.000000
0.986882 0.132493 -0.092246 0.000000 -0.155519 0.626836 -0.763473 9.465600 -0.043332 0.767804 0.639218 -1.179100 0.000000 0.000000 0.000000 1.000000
0.982416 0.177900 -0.056662 0.000000 -0.152334 0.588282 -0.794178 9.465600 -0.107951 0.788844 0.605038 -1.179100 0.000000 0.000000 0.000000 1.000000
0.982018 0.184651 -0.039300 0.000000 -0.141348 0.581148 -0.801429 9.465600 -0.125145 0.792573 0.596798 -1.179100 0.000000 0.000000 0.000000 1.000000
0.984720 0.169071 -0.041730 0.000000 -0.137236 0.605892 -0.783620 9.465600 -0.107204 0.777374 0.619837 -1.179100 0.000000 0.000000 0.000000 1.000000
0.989039 0.137186 -0.054601 0.000000 -0.131442 0.649590 -0.748837 9.465600 -0.067262 0.747806 0.660502 -1.179100 0.000000 0.000000 0.000000 1.000000
0.994087 0.081130 -0.072178 0.000000 -0.108326 0.694560 -0.711233 9.465600 -0.007570 0.714846 0.699241 -1.179100 0.000000 0.000000 0.000000 1.000000
0.995450 0.003086 -0.095235 0.000000 -0.068066 0.722454 -0.688060 9.465600 0.066680 0.691412 0.719377 -1.179100 0.000000 0.000000 0.000000 1.000000
0.989222 -0.069460 -0.128897 0.000000 -0.038912 0.723949 -0.688755 9.465600 0.141156 0.686347 0.713444 -1.179100 0.000000 0.000000 0.000000 1.000000
0.980722 -0.111360 -0.160574 -0.000000 -0.033860 0.712454 -0.700901 9.465600 0.192454 0.692826 0.694948 -1.179100 0.000000 0.000000 0.000000 1.000000
0.978578 -0.114783 -0.170910 0.000000 -0.039350 0.710570 -0.702525 9.465600 0.202082 0.694201 0.690832 -1.179100 0.000000 0.000000 0.000000 1.000000
0.983441 -0.089361 -0.157663 0.000000 -0.046079 0.718090 -0.694423 9.465600 0.175271 0.690190 0.702081 -1.179100 0.000000 0.000000 0.000000 1.000000
0.989276 -0.054530 -0.135496 0.000000 -0.055976 0.715307 -0.696564 9.465600 0.134905 0.696679 0.704584 -1.179100 0.000000 0.000000 0.000000 1.000000
0.994486 -0.022867 -0.102345 0.000000 -0.056565 0.704821 -0.707126 9.465600 0.088305 0.709016 0.699641 -1.179100 0.000000 0.000000 0.000000 1.000000
0.999254 0.008576 -0.037656 -0.000000 -0.032413 0.716382 -0.696955 9.465600 0.020999 0.697655 0.716126 -1.179100 0.000000 0.000000 0.000000 1.000000
0.997535 0.037196 0.059507 0.000000 0.011100 0.753672 -0.657157 9.465600 -0.069293 0.656197 0.751401 -1.179100 0.000000 0.000000 0.000000 1.000000
0.988343 0.048692 0.144248 -0.000000 0.052317 0.781153 -0.622143 9.465600 -0.142974 0.622438 0.769500 -1.179100 0.000000 0.000000 0.000000 1.000000
0.984100 0.036408 0.173842 -0.000000 0.081693 0.776306 -0.625040 9.465600 -0.157711 0.629304 0.760989 -1.179100 0.000000 0.000000 0.000000 1.000000
0.988245 0.019127 0.151678 0.000000 0.085915 0.751169 -0.654496 9.465600 -0.126454 0.659833 0.740695 -1.179100 0.000000 0.000000 0.000000 1.000000
0.993018 0.016966 0.116738 0.000000 0.067075 0.732852 -0.677074 9.465600 -0.097038 0.680177 0.726597 -1.179100 0.000000 0.000000 0.000000 1.000000
0.995874 0.022692 0.087869 0.000000 0.042992 0.734721 -0.677006 9.465600 -0.079922 0.677990 0.730714 -1.179100 0.000000 0.000000 0.000000 1.000000
0.998574 0.012162 0.051983 -0.000000 0.025184 0.751249 -0.659538 9.465600 -0.047073 0.659907 0.749871 -1.179100 0.000000 0.000000 0.000000 1.000000
0.999785 -0.020652 0.001726 -0.000000 0.016992 0.769238 -0.638737 9.465600 0.011863 0.638629 0.769423 -1.179100 0.000000 0.000000 0.000000 1.000000
0.996514 -0.057020 -0.060898 0.000000 0.005994 0.777024 -0.629443 9.465600 0.083210 0.626884 0.774657 -1.179100 0.000000 0.000000 0.000000 1.000000
0.990930 -0.082443 -0.106115 0.000000 -0.003859 0.771898 -0.635735 9.465600 0.134322 0.630379 0.764579 -1.179100 0.000000 0.000000 0.000000 1.000000
0.988122 -0.097737 -0.118588 0.000000 -0.002715 0.760464 -0.649374 9.465600 0.153650 0.641983 0.751166 -1.179100 0.000000 0.000000 0.000000 1.000000
0.987024 -0.107419 -0.119355 0.000000 0.001866 0.750919 -0.660392 9.465600 0.160565 0.651600 0.741375 -1.179100 0.000000 0.000000 0.000000 1.000000
0.984675 -0.107790 -0.137101 0.000000 -0.011829 0.743039 -0.669143 9.465600 0.173999 0.660510 0.730377 -1.179100 0.000000 0.000000 0.000000 1.000000
0.982149 -0.086277 -0.167151 0.000000 -0.051857 0.729988 -0.681490 9.465600 0.180815 0.677993 0.712483 -1.179100 0.000000 0.000000 0.000000 1.000000
0.984073 -0.034365 -0.174411 0.000000 -0.099099 0.708479 -0.698740 9.465600 0.147579 0.704895 0.693789 -1.179100 0.000000 0.000000 0.000000 1.000000
0.989882 0.044963 -0.134583 0.000000 -0.128888 0.681612 -0.720273 9.465600 0.059348 0.730331 0.680510 -1.179100 0.000000 0.000000 0.000000 1.000000</float_array>
        <technique_common>
          <accessor source="#mixamorig_Spine-Matrix-animation-output-transform-array" count="31" stride="16">
            <param type="float4x4"/>
          </accessor>
        </technique_common>
      </source>
      <source id="mixamorig_Spine-Interpolations">
        <Name_array id="mixamorig_Spine-Interpolations-array" count="31">
 LINEAR LINEAR LINEAR LINEAR LINEAR LINEAR LINEAR LINEAR LINEAR LINEAR LINEAR
LINEAR LINEAR LINEAR LINEAR LINEAR LINEAR LINEAR LINEAR LINEAR LINEAR LINEAR LINEAR
LINEAR LINEAR LINEAR LINEAR LINEAR LINEAR LINEAR LINEAR</Name_array>
        <technique_common>
          <accessor source="#mixamorig_Spine-Interpolations-array" count="31">
            <param type="name"/>
          </accessor>
        </technique_common>
      </source>
      <sampler id="mixamorig_Spine-Matrix-animation-transform">
        <input semantic="INPUT" source="#mixamorig_Spine-Matrix-animation-input"/>
        <input semantic="OUTPUT" source="#mixamorig_Spine-Matrix-animation-output-transform"/>
        <input semantic="INTERPOLATION" source="#mixamorig_Spine-Interpolations"/>
      </sampler>
      <channel source="#mixamorig_Spine-Matrix-animation-transform" target="mixamorig_Spine/matrix"/>
    </animation>
    <animation id="mixamorig_Spine1-anim" name="mixamorig_Spine1">
      <source id="mixamorig_Spine1-Matrix-animation-input">
        <float_array id="mixamorig_Spine1-Matrix-animation-input-array" count="31">

0.000000 0.033333 0.066667 0.100000 0.133333 0.166667 0.200000 0.233333 0.266667 0.300000 0.333333 0.366667 0.400000 0.433333 0.466667 0.500000
0.533333 0.566667 0.600000 0.633333 0.666667 0.700000 0.733333 0.766667 0.800000 0.833333 0.866667 0.900000 0.933333 0.966667 1.000000</float_array>
        <technique_common>
          <accessor source="#mixamorig_Spine1-Matrix-animation-input-array" count="31">
            <param name="TIME" type="float"/>
          </accessor>
        </technique_common>
      </source>
      <source id="mixamorig_Spine1-Matrix-animation-output-transform">
        <float_array id="mixamorig_Spine1-Matrix-animation-output-transform-array" count="496">

0.997733 -0.044763 -0.050243 0.000000 0.030874 0.967944 -0.249262 11.128500 0.059790 0.247145 0.967132 0.000000 0.000000 0.000000 0.000000 1.000000
0.999003 -0.038220 -0.023088 0.000000 0.031523 0.969879 -0.241540 11.128500 0.031624 0.240571 0.970116 -0.000000 0.000000 0.000000 0.000000 1.000000
0.999518 -0.030918 0.002687 0.000000 0.030725 0.973616 -0.226113 11.128500 0.004375 0.226087 0.974097 0.000000 0.000000 0.000000 0.000000 1.000000
0.999363 -0.028399 0.021609 0.000000 0.032253 0.977935 -0.206404 11.128500 -0.015270 0.206970 0.978228 0.000000 0.000000 0.000000 0.000000 1.000000
0.998907 -0.036048 0.029745 0.000000 0.041112 0.980453 -0.192410 11.128500 -0.022228 0.193422 0.980864 0.000000 0.000000 0.000000 0.000000 1.000000
0.998102 -0.054175 0.029268 0.000000 0.058810 0.979557 -0.192378 11.128500 -0.018248 0.193734 0.980884 -0.000000 0.000000 0.000000 0.000000 1.000000
0.996701 -0.076892 0.025974 -0.000000 0.080588 0.975570 -0.204376 11.128500 -0.009625 0.205795 0.978548 0.000000 0.000000 0.000000 0.000000 1.000000
0.995262 -0.094451 0.023072 -0.000000 0.097215 0.970533 -0.220486 11.128500 -0.001567 0.221685 0.975117 0.000000 0.000000 0.000000 0.000000 1.000000
0.994933 -0.098525 0.020047 0.000000 0.100470 0.966625 -0.235673 11.128500 0.003841 0.236493 0.971626 0.000000 0.000000 0.000000 0.000000 1.000000
0.995903 -0.089000 0.016036 0.000000 0.090198 0.964800 -0.247031 11.128500 0.006515 0.247466 0.968875 0.000000 0.000000 0.000000 0.000000 1.000000
0.997199 -0.073989 0.010937 -0.000000 0.074387 0.965909 -0.247965 11.128500 0.007783 0.248084 0.968707 0.000000 0.000000 0.000000 0.000000 1.000000
0.998126 -0.061106 0.003239 0.000000 0.060206 0.971214 -0.230473 11.128500 0.010937 0.230236 0.973073 0.000000 0.000000 0.000000 0.000000 1.000000
0.998596 -0.052212 -0.008934 0.000000 0.049454 0.979377 -0.195893 11.128500 0.018978 0.195176 0.980585 0.000000 0.000000 0.000000 0.000000 1.000000
0.998657 -0.047158 -0.021448 -0.000000 0.043108 0.986036 -0.160854 11.128500 0.028734 0.159713 0.986745 0.000000 0.000000 0.000000 0.000000 1.000000
0.998737 -0.044230 -0.023845 -0.000000 0.040356 0.988785 -0.143789 11.128500 0.029937 0.142645 0.989321 -0.000000 0.000000 0.000000 0.000000 1.000000
0.999364 -0.033675 -0.011715 0.000000 0.031638 0.989053 -0.144128 11.128500 0.016440 0.143666 0.989490 0.000000 0.000000 0.000000 0.000000 1.000000
0.999987 -0.001891 0.004642 -0.000000 0.002554 0.989075 -0.147388 11.128500 -0.004312 0.147398 0.989068 0.000000 0.000000 0.000000 0.000000 1.000000
0.998661 0.050645 0.010548 0.000000 -0.048550 0.987953 -0.146938 11.128500 -0.017863 0.146229 0.989089 -0.000000 0.000000 0.000000 0.000000 1.000000
0.994541 0.104297 0.003096 0.000000 -0.102738 0.983999 -0.145574 11.128500 -0.018229 0.144461 0.989343 0.000000 0.000000 0.000000 0.000000 1.000000
0.990206 0.139313 -0.009120 0.000000 -0.139162 0.979682 -0.144423 11.128500 -0.011185 0.144277 0.989474 0.000000 0.000000 0.000000 0.000000 1.000000
0.988129 0.152369 -0.019612 0.000000 -0.153606 0.977868 -0.142052 11.128500 -0.002467 0.143378 0.989665 -0.000000 0.000000 0.000000 0.000000 1.000000
0.988097 0.150836 -0.030209 0.000000 -0.153607 0.978052 -0.140779 11.128500 0.008311 0.143743 0.989580 0.000000 0.000000 0.000000 0.000000 1.000000
0.989216 0.139429 -0.044853 0.000000 -0.144563 0.978659 -0.146040 11.128500 0.023534 0.150949 0.988261 0.000000 0.000000 0.000000 0.000000 1.000000
0.991092 0.117898 -0.061947 0.000000 -0.126462 0.978966 -0.160101 11.128500 0.041768 0.166509 0.985155 0.000000 0.000000 0.000000 0.000000 1.000000
0.993454 0.086968 -0.074064 0.000000 -0.099119 0.978578 -0.180446 11.128500 0.056785 0.186606 0.980792 -0.000000 0.000000 0.000000 0.000000 1.000000
0.995801 0.050779 -0.076165 -0.000000 -0.065274 0.977231 -0.201888 11.128500 0.064180 0.206012 0.976443 0.000000 0.000000 0.000000 0.000000 1.000000
0.997195 0.014705 -0.073385 -0.000000 -0.030540 0.975113 -0.219594 11.128500 0.068329 0.221219 0.972827 0.000000 0.000000 0.000000 0.000000 1.000000
0.997083 -0.015690 -0.074690 0.000000 -0.002108 0.972602 -0.232466 11.128500 0.076291 0.231946 0.969732 0.000000 0.000000 0.000000 0.000000 1.000000
0.996306 -0.035394 -0.078246 0.000000 0.015466 0.970173 -0.241921 11.128500 0.084475 0.239817 0.967136 0.000000 0.000000 0.000000 0.000000 1.000000
0.996411 -0.043651 -0.072520 0.000000 0.024384 0.968474 -0.247919 11.128500 0.081055 0.245261 0.966063 0.000000 0.000000 0.000000 0.000000 1.000000
0.997733 -0.044763 -0.050243 0.000000 0.030874 0.967944 -0.249261 11.128500 0.059790 0.247145 0.967132 0.000000 0.000000 0.000000 0.000000 1.000000</float_array>
        <technique_common>
          <accessor source="#mixamorig_Spine1-Matrix-animation-output-transform-array" count="31" stride="16">
            <param type="float4x4"/>
          </accessor>
        </technique_common>
      </source>
      <source id="mixamorig_Spine1-Interpolations">
        <Name_array id="mixamorig_Spine1-Interpolations-array" count="31">
 LINEAR LINEAR LINEAR LINEAR LINEAR LINEAR LINEAR LINEAR LINEAR LINEAR LINEAR
LINEAR LINEAR LINEAR LINEAR LINEAR LINEAR LINEAR LINEAR LINEAR LINEAR LINEAR LINEAR
LINEAR LINEAR LINEAR LINEAR LINEAR LINEAR LINEAR LINEAR</Name_array>
        <technique_common>
          <accessor source="#mixamorig_Spine1-Interpolations-array" count="31">
            <param type="name"/>
          </accessor>
        </technique_common>
      </source>
      <sampler id="mixamorig_Spine1-Matrix-animation-transform">
        <input semantic="INPUT" source="#mixamorig_Spine1-Matrix-animation-input"/>
        <input semantic="OUTPUT" source="#mixamorig_Spine1-Matrix-animation-output-transform"/>
        <input semantic="INTERPOLATION" source="#mixamorig_Spine1-Interpolations"/>
      </sampler>
      <channel source="#mixamorig_Spine1-Matrix-animation-transform" target="mixamorig_Spine1/matrix"/>
    </animation>
    <animation id="mixamorig_Spine2-anim" name="mixamorig_Spine2">
      <source id="mixamorig_Spine2-Matrix-animation-input">
        <float_array id="mixamorig_Spine2-Matrix-animation-input-array" count="31">

0.000000 0.033333 0.066667 0.100000 0.133333 0.166667 0.200000 0.233333 0.266667 0.300000 0.333333 0.366667 0.400000 0.433333 0.466667 0.500000
0.533333 0.566667 0.600000 0.633333 0.666667 0.700000 0.733333 0.766667 0.800000 0.833333 0.866667 0.900000 0.933333 0.966667 1.000000</float_array>
        <technique_common>
          <accessor source="#mixamorig_Spine2-Matrix-animation-input-array" count="31">
            <param name="TIME" type="float"/>
          </accessor>
        </technique_common>
      </source>
      <source id="mixamorig_Spine2-Matrix-animation-output-transform">
        <float_array id="mixamorig_Spine2-Matrix-animation-output-transform-array" count="496">

0.998271 -0.048635 -0.033012 -0.000000 0.038841 0.967318 -0.250576 12.718300 0.044120 0.248860 0.967534 0.000000 0.000000 0.000000 0.000000 1.000000
0.999218 -0.039209 -0.005122 -0.000000 0.036812 0.969689 -0.241555 12.718300 0.014438 0.241178 0.970374 0.000000 0.000000 0.000000 0.000000 1.000000
0.999375 -0.028906 0.020356 0.000000 0.032754 0.973728 -0.225348 12.718300 -0.013308 0.225874 0.974066 0.000000 0.000000 0.000000 0.000000 1.000000
0.998923 -0.023870 0.039781 0.000000 0.031556 0.978154 -0.205474 12.718300 -0.034008 0.206508 0.977854 0.000000 0.000000 0.000000 0.000000 1.000000
0.998259 -0.030056 0.050747 0.000000 0.039269 0.980678 -0.191646 12.718300 -0.044007 0.193306 0.980151 0.000000 0.000000 0.000000 0.000000 1.000000
0.997381 -0.047492 0.054555 0.000000 0.057138 0.979797 -0.191659 12.718300 -0.044351 0.194274 0.979944 0.000000 0.000000 0.000000 0.000000 1.000000
0.996100 -0.069267 0.054646 0.000000 0.079023 0.975891 -0.203451 12.718300 -0.039236 0.206976 0.977559 -0.000000 0.000000 0.000000 0.000000 1.000000
0.994974 -0.084981 0.052960 0.000000 0.094614 0.971036 -0.219400 12.718300 -0.032781 0.223308 0.974196 0.000000 0.000000 0.000000 0.000000 1.000000
0.995021 -0.086734 0.049087 -0.000000 0.095899 0.967323 -0.234712 12.718300 -0.027125 0.238250 0.970825 0.000000 0.000000 0.000000 0.000000 1.000000
0.996238 -0.075641 0.042294 0.000000 0.083769 0.965558 -0.246333 12.718300 -0.022205 0.248949 0.968262 0.000000 0.000000 0.000000 0.000000 1.000000
0.997608 -0.061042 0.032453 0.000000 0.067190 0.966606 -0.247302 12.718300 -0.016274 0.248891 0.968395 0.000000 0.000000 0.000000 0.000000 1.000000
0.998524 -0.051005 0.018653 0.000000 0.053928 0.971804 -0.229540 12.718300 -0.006420 0.230207 0.973121 0.000000 0.000000 0.000000 0.000000 1.000000
0.998907 -0.046736 0.000132 -0.000000 0.045867 0.979783 -0.194736 12.718300 0.008972 0.194530 0.980856 0.000000 0.000000 0.000000 0.000000 1.000000
0.998754 -0.046456 -0.018231 0.000000 0.042954 0.986206 -0.159852 12.718300 0.025406 0.158869 0.986973 -0.000000 0.000000 0.000000 0.000000 1.000000
0.998571 -0.046695 -0.025998 -0.000000 0.042504 0.988758 -0.143356 12.718300 0.032400 0.142046 0.989330 0.000000 0.000000 0.000000 0.000000 1.000000
0.999117 -0.037199 -0.019514 0.000000 0.033999 0.988933 -0.144414 12.718300 0.024670 0.143623 0.989325 0.000000 0.000000 0.000000 0.000000 1.000000
0.999934 -0.005488 -0.010083 0.000000 0.003935 0.988972 -0.148052 12.718300 0.010784 0.148003 0.988928 0.000000 0.000000 0.000000 0.000000 1.000000
0.998839 0.046558 -0.012390 0.000000 -0.047877 0.987931 -0.147308 12.718300 0.005382 0.147730 0.989013 -0.000000 0.000000 0.000000 0.000000 1.000000
0.994705 0.098952 -0.027763 0.000000 -0.101953 0.984146 -0.145130 12.718300 0.012962 0.147192 0.989023 0.000000 0.000000 0.000000 0.000000 1.000000
0.990138 0.132478 -0.045572 0.000000 -0.137719 0.980078 -0.143112 12.718300 0.025705 0.147977 0.988657 0.000000 0.000000 0.000000 0.000000 1.000000
0.987807 0.144287 -0.058476 0.000000 -0.151229 0.978502 -0.140230 12.718300 0.036985 0.147363 0.988391 0.000000 0.000000 0.000000 0.000000 1.000000
0.987508 0.141743 -0.068818 0.000000 -0.150180 0.978855 -0.138886 12.718300 0.047677 0.147486 0.987914 0.000000 0.000000 0.000000 0.000000 1.000000
0.988268 0.129347 -0.081216 -0.000000 -0.140076 0.979550 -0.144431 12.718300 0.060874 0.154113 0.986176 0.000000 0.000000 0.000000 0.000000 1.000000
0.989795 0.106923 -0.094193 0.000000 -0.120984 0.979827 -0.159066 12.718300 0.075285 0.168839 0.982764 0.000000 0.000000 0.000000 0.000000 1.000000
0.992078 0.075701 -0.100256 0.000000 -0.092930 0.979232 -0.180193 12.718300 0.084533 0.188082 0.978509 -0.000000 0.000000 0.000000 0.000000 1.000000
0.994706 0.040212 -0.094570 -0.000000 -0.058767 0.977525 -0.202462 12.718300 0.084303 0.206948 0.974713 -0.000000 0.000000 0.000000 0.000000 1.000000
0.996538 0.005414 -0.082968 0.000000 -0.023684 0.975020 -0.220853 12.718300 0.079700 0.222053 0.971772 0.000000 0.000000 0.000000 0.000000 1.000000
0.996848 -0.023968 -0.075633 0.000000 0.005607 0.972177 -0.234180 12.718300 0.079141 0.233017 0.969247 0.000000 0.000000 0.000000 0.000000 1.000000
0.996490 -0.042953 -0.071859 0.000000 0.024206 0.969514 -0.243839 12.718300 0.080142 0.241243 0.967150 -0.000000 0.000000 0.000000 0.000000 1.000000
0.996930 -0.049948 -0.060291 0.000000 0.033383 0.967740 -0.249729 12.718300 0.070820 0.246950 0.966437 -0.000000 0.000000 0.000000 0.000000 1.000000
0.998271 -0.048635 -0.033012 0.000000 0.038841 0.967317 -0.250576 12.718300 0.044120 0.248860 0.967534 0.000000 0.000000 0.000000 0.000000 1.000000</float_array>
        <technique_common>
          <accessor source="#mixamorig_Spine2-Matrix-animation-output-transform-array" count="31" stride="16">
            <param type="float4x4"/>
          </accessor>
        </technique_common>
      </source>
      <source id="mixamorig_Spine2-Interpolations">
        <Name_array id="mixamorig_Spine2-Interpolations-array" count="31">
 LINEAR LINEAR LINEAR LINEAR LINEAR LINEAR LINEAR LINEAR LINEAR LINEAR LINEAR
LINEAR LINEAR LINEAR LINEAR LINEAR LINEAR LINEAR LINEAR LINEAR LINEAR LINEAR LINEAR
LINEAR LINEAR LINEAR LINEAR LINEAR LINEAR LINEAR LINEAR</Name_array>
        <technique_common>
          <accessor source="#mixamorig_Spine2-Interpolations-array" count="31">
            <param type="name"/>
          </accessor>
        </technique_common>
      </source>
      <sampler id="mixamorig_Spine2-Matrix-animation-transform">
        <input semantic="INPUT" source="#mixamorig_Spine2-Matrix-animation-input"/>
        <input semantic="OUTPUT" source="#mixamorig_Spine2-Matrix-animation-output-transform"/>
        <input semantic="INTERPOLATION" source="#mixamorig_Spine2-Interpolations"/>
      </sampler>
      <channel source="#mixamorig_Spine2-Matrix-animation-transform" target="mixamorig_Spine2/matrix"/>
    </animation>
    <animation id="mixamorig_Neck-anim" name="mixamorig_Neck">
      <source id="mixamorig_Neck-Matrix-animation-input">
        <float_array id="mixamorig_Neck-Matrix-animation-input-array" count="31">

0.000000 0.033333 0.066667 0.100000 0.133333 0.166667 0.200000 0.233333 0.266667 0.300000 0.333333 0.366667 0.400000 0.433333 0.466667 0.500000
0.533333 0.566667 0.600000 0.633333 0.666667 0.700000 0.733333 0.766667 0.800000 0.833333 0.866667 0.900000 0.933333 0.966667 1.000000</float_array>
        <technique_common>
          <accessor source="#mixamorig_Neck-Matrix-animation-input-array" count="31">
            <param name="TIME" type="float"/>
          </accessor>
        </technique_common>
      </source>
      <source id="mixamorig_Neck-Matrix-animation-output-transform">
        <float_array id="mixamorig_Neck-Matrix-animation-output-transform-array" count="496">

0.999713 -0.023817 0.002747 0.000000 0.023705 0.964806 -0.261894 14.308100 0.003587 0.261884 0.965093 0.000000 0.000000 0.000000 0.000000 1.000000
0.998957 -0.044830 -0.008624 0.000000 0.041158 0.966130 -0.254753 14.308100 0.019752 0.254133 0.966968 0.000000 0.000000 0.000000 0.000000 1.000000
0.998367 -0.053911 -0.018868 -0.000000 0.047429 0.966546 -0.252072 14.308100 0.031826 0.250765 0.967525 -0.000000 0.000000 0.000000 0.000000 1.000000
0.998413 -0.049391 -0.027045 0.000000 0.041013 0.966918 -0.251768 14.308100 0.038585 0.250259 0.967410 -0.000000 0.000000 0.000000 0.000000 1.000000
0.998771 -0.037170 -0.032771 0.000000 0.027892 0.968304 -0.248212 14.308100 0.040958 0.246993 0.968151 0.000000 0.000000 0.000000 0.000000 1.000000
0.999027 -0.024492 -0.036678 -0.000000 0.015117 0.971414 -0.236910 14.308100 0.041432 0.236125 0.970839 0.000000 0.000000 0.000000 0.000000 1.000000
0.999175 -0.011374 -0.038999 -0.000000 0.002578 0.975821 -0.218554 14.308100 0.040542 0.218273 0.975045 -0.000000 0.000000 0.000000 0.000000 1.000000
0.999267 0.006257 -0.037769 0.000000 -0.013567 0.980408 -0.196510 14.308100 0.035799 0.196879 0.979774 0.000000 0.000000 0.000000 0.000000 1.000000
0.999197 0.025817 -0.030647 0.000000 -0.030689 0.984799 -0.170965 14.308100 0.025767 0.171768 0.984800 -0.000000 0.000000 0.000000 0.000000 1.000000
0.999133 0.037122 -0.018869 -0.000000 -0.039377 0.989633 -0.138117 14.308100 0.013546 0.138740 0.990236 0.000000 0.000000 0.000000 0.000000 1.000000
0.999255 0.038091 -0.006185 0.000000 -0.038514 0.994414 -0.098274 14.308100 0.002407 0.098439 0.995140 -0.000000 0.000000 0.000000 0.000000 1.000000
0.998967 0.044924 0.006798 0.000000 -0.044416 0.997082 -0.062084 14.308100 -0.009567 0.061718 0.998048 0.000000 0.000000 0.000000 0.000000 1.000000
0.996946 0.074704 0.022774 0.000000 -0.073725 0.996430 -0.041138 14.308100 -0.025766 0.039333 0.998894 -0.000000 0.000000 0.000000 0.000000 1.000000
0.991930 0.120078 0.040697 0.000000 -0.118624 0.992271 -0.036435 14.308100 -0.044758 0.031313 0.998507 0.000000 0.000000 0.000000 0.000000 1.000000
0.986585 0.154002 0.054162 0.000000 -0.151761 0.987467 -0.043333 14.308100 -0.060157 0.034532 0.997591 0.000000 0.000000 0.000000 0.000000 1.000000
0.985295 0.159953 0.060078 0.000000 -0.156540 0.985979 -0.057802 14.308100 -0.068481 0.047548 0.996519 0.000000 0.000000 0.000000 0.000000 1.000000
0.987429 0.144664 0.063688 0.000000 -0.140199 0.987663 -0.069755 14.308100 -0.072994 0.059949 0.995529 0.000000 0.000000 0.000000 0.000000 1.000000
0.990205 0.120243 0.070963 0.000000 -0.115516 0.991020 -0.067341 14.308100 -0.078423 0.058484 0.995203 -0.000000 0.000000 0.000000 0.000000 1.000000
0.992828 0.089177 0.079619 -0.000000 -0.084500 0.994597 -0.060306 14.308100 -0.084567 0.053146 0.994999 -0.000000 0.000000 0.000000 0.000000 1.000000
0.995118 0.053947 0.082637 -0.000000 -0.047625 0.995920 -0.076650 14.308100 -0.086435 0.072341 0.993628 0.000000 0.000000 0.000000 0.000000 1.000000
0.996571 0.026584 0.078358 0.000000 -0.016723 0.992152 -0.123917 14.308100 -0.081037 0.122182 0.989194 -0.000000 0.000000 0.000000 0.000000 1.000000
0.997261 0.017053 0.071968 0.000000 -0.004091 0.984284 -0.176544 14.308100 -0.073848 0.175767 0.981658 0.000000 0.000000 0.000000 0.000000 1.000000
0.997416 0.021574 0.068532 0.000000 -0.006692 0.977604 -0.210347 14.308100 -0.071535 0.209345 0.975222 0.000000 0.000000 0.000000 0.000000 1.000000
0.997205 0.030143 0.068363 -0.000000 -0.013915 0.973923 -0.226452 14.308100 -0.073406 0.224868 0.971620 0.000000 0.000000 0.000000 0.000000 1.000000
0.997003 0.037688 0.067567 -0.000000 -0.020651 0.971281 -0.237038 14.308100 -0.074560 0.234932 0.969148 0.000000 0.000000 0.000000 0.000000 1.000000
0.997129 0.043466 0.062006 0.000000 -0.026811 0.968456 -0.247740 14.308100 -0.070819 0.245366 0.966840 0.000000 0.000000 0.000000 0.000000 1.000000
0.997565 0.046225 0.052225 -0.000000 -0.031267 0.965753 -0.257573 14.308100 -0.062343 0.255313 0.964846 0.000000 0.000000 0.000000 0.000000 1.000000
0.998176 0.042917 0.042457 0.000000 -0.030195 0.963921 -0.264470 14.308100 -0.052276 0.262706 0.963459 0.000000 0.000000 0.000000 0.000000 1.000000
0.998988 0.029950 0.033553 0.000000 -0.019915 0.963468 -0.267082 14.308100 -0.040326 0.266143 0.963090 0.000000 0.000000 0.000000 0.000000 1.000000
0.999749 0.006577 0.021429 0.000000 -0.000650 0.964093 -0.265565 14.308100 -0.022407 0.265484 0.963855 0.000000 0.000000 0.000000 0.000000 1.000000
0.999713 -0.023817 0.002747 -0.000000 0.023705 0.964806 -0.261894 14.308100 0.003587 0.261883 0.965093 0.000000 0.000000 0.000000 0.000000 1.000000</float_array>
        <technique_common>
          <accessor source="#mixamorig_Neck-Matrix-animation-output-transform-array" count="31" stride="16">
            <param type="float4x4"/>
          </accessor>
        </technique_common>
      </source>
      <source id="mixamorig_Neck-Interpolations">
        <Name_array id="mixamorig_Neck-Interpolations-array" count="31">
 LINEAR LINEAR LINEAR LINEAR LINEAR LINEAR LINEAR LINEAR LINEAR LINEAR LINEAR
LINEAR LINEAR LINEAR LINEAR LINEAR LINEAR LINEAR LINEAR LINEAR LINEAR LINEAR LINEAR
LINEAR LINEAR LINEAR LINEAR LINEAR LINEAR LINEAR LINEAR</Name_array>
        <technique_common>
          <accessor source="#mixamorig_Neck-Interpolations-array" count="31">
            <param type="name"/>
          </accessor>
        </technique_common>
      </source>
      <sampler id="mixamorig_Neck-Matrix-animation-transform">
        <input semantic="INPUT" source="#mixamorig_Neck-Matrix-animation-input"/>
        <input semantic="OUTPUT" source="#mixamorig_Neck-Matrix-animation-output-transform"/>
        <input semantic="INTERPOLATION" source="#mixamorig_Neck-Interpolations"/>
      </sampler>
      <channel source="#mixamorig_Neck-Matrix-animation-transform" target="mixamorig_Neck/matrix"/>
    </animation>
    <animation id="mixamorig_Head-anim" name="mixamorig_Head">
      <source id="mixamorig_Head-Matrix-animation-input">
        <float_array id="mixamorig_Head-Matrix-animation-input-array" count="31">

0.000000 0.033333 0.066667 0.100000 0.133333 0.166667 0.200000 0.233333 0.266667 0.300000 0.333333 0.366667 0.400000 0.433333 0.466667 0.500000
0.533333 0.566667 0.600000 0.633333 0.666667 0.700000 0.733333 0.766667 0.800000 0.833333 0.866667 0.900000 0.933333 0.966667 1.000000</float_array>
        <technique_common>
          <accessor source="#mixamorig_Head-Matrix-animation-input-array" count="31">
            <param name="TIME" type="float"/>
          </accessor>
        </technique_common>
      </source>
      <source id="mixamorig_Head-Matrix-animation-output-transform">
        <float_array id="mixamorig_Head-Matrix-animation-output-transform-array" count="496">

0.992245 -0.111747 0.054436 0.000000 0.124199 0.873599 -0.470531 4.940900 0.005025 0.473643 0.880703 2.500000 0.000000 0.000000 0.000000 1.000000
0.969960 -0.238651 -0.047146 0.000000 0.196648 0.883311 -0.425547 4.940900 0.143202 0.403493 0.903707 2.500000 0.000000 0.000000 0.000000 1.000000
0.945057 -0.297188 -0.136187 0.000000 0.219148 0.885068 -0.410644 4.940900 0.242573 0.358237 0.901568 2.500000 0.000000 0.000000 0.000000 1.000000
0.936209 -0.279289 -0.213332 -0.000000 0.180205 0.902631 -0.390875 4.940900 0.301727 0.327497 0.895381 2.500000 0.000000 0.000000 0.000000 1.000000
0.931311 -0.222084 -0.288683 0.000000 0.119058 0.934680 -0.334960 4.940900 0.344216 0.277582 0.896919 2.500000 0.000000 0.000000 0.000000 1.000000
0.912070 -0.172179 -0.372134 -0.000000 0.083620 0.966596 -0.242279 4.940900 0.401418 0.189858 0.896001 2.500000 0.000000 0.000000 0.000000 1.000000
0.879664 -0.134740 -0.456109 -0.000000 0.083846 0.987944 -0.130143 4.940900 0.468146 0.076239 0.880356 2.500000 0.000000 0.000000 0.000000 1.000000
0.856106 -0.094090 -0.508163 0.000000 0.107013 0.994250 -0.003807 4.940900 0.505600 -0.051120 0.861252 2.500000 0.000000 0.000000 0.000000 1.000000
0.866646 -0.060879 -0.495195 0.000000 0.147824 0.979294 0.138316 4.940900 0.476521 -0.193073 0.857701 2.500000 0.000000 0.000000 0.000000 1.000000
0.907176 -0.059427 -0.416535 0.000000 0.193439 0.938056 0.287460 4.940900 0.373650 -0.341351 0.862477 2.500000 0.000000 0.000000 0.000000 1.000000
0.946719 -0.088632 -0.309624 -0.000000 0.221222 0.877656 0.425182 4.940900 0.234059 -0.471024 0.850502 2.500000 0.000000 0.000000 0.000000 1.000000
0.968900 -0.131123 -0.209856 -0.000000 0.225915 0.814773 0.533954 4.940900 0.100972 -0.564758 0.819056 2.500000 0.000000 0.000000 0.000000 1.000000
0.978295 -0.175154 -0.110720 -0.000000 0.205873 0.760866 0.615385 4.940900 -0.023544 -0.624823 0.780411 2.500000 0.000000 0.000000 0.000000 1.000000
0.978760 -0.204749 0.010319 -0.000000 0.144305 0.723824 0.674726 4.940900 -0.145619 -0.658906 0.737996 2.500000 0.000000 0.000000 0.000000 1.000000
0.968696 -0.201984 0.144329 -0.000000 0.046172 0.717830 0.694686 4.940900 -0.243919 -0.666275 0.704685 2.500000 0.000000 0.000000 0.000000 1.000000
0.947916 -0.175243 0.265981 0.000000 -0.043617 0.755768 0.653386 4.940900 -0.315521 -0.630956 0.708760 2.500000 0.000000 0.000000 0.000000 1.000000
0.912465 -0.154820 0.378732 0.000000 -0.088642 0.828861 0.552388 4.940900 -0.399437 -0.537606 0.742583 2.500000 0.000000 0.000000 0.000000 1.000000
0.852244 -0.142232 0.503438 0.000000 -0.093126 0.905714 0.413533 4.940900 -0.514788 -0.399314 0.758644 2.500000 0.000000 0.000000 0.000000 1.000000
0.768615 -0.101387 0.631626 0.000000 -0.079586 0.964535 0.251671 4.940900 -0.634742 -0.243707 0.733287 2.500000 0.000000 0.000000 0.000000 1.000000
0.690106 -0.014257 0.723568 0.000000 -0.051019 0.996360 0.068291 4.940900 -0.721908 -0.084044 0.686867 2.500000 0.000000 0.000000 0.000000 1.000000
0.653454 0.093281 0.751197 -0.000000 -0.006532 0.993036 -0.117629 4.940900 -0.756938 0.071958 0.649513 2.500000 0.000000 0.000000 0.000000 1.000000
0.663052 0.186147 0.725059 0.000000 0.032013 0.960651 -0.275907 4.940900 -0.747888 0.206152 0.631003 2.500000 0.000000 0.000000 0.000000 1.000000
0.690369 0.250899 0.678557 -0.000000 0.046254 0.920710 -0.387496 4.940900 -0.721977 0.298901 0.624025 2.500000 0.000000 0.000000 0.000000 1.000000
0.716092 0.285842 0.636794 0.000000 0.041697 0.893158 -0.447807 4.940900 -0.696760 0.347223 0.627664 2.500000 0.000000 0.000000 0.000000 1.000000
0.751380 0.286821 0.594274 0.000000 0.033150 0.883049 -0.468109 4.940900 -0.659036 0.371428 0.653997 2.500000 0.000000 0.000000 0.000000 1.000000
0.809931 0.259738 0.525879 0.000000 0.026480 0.879493 -0.475175 4.940900 -0.585927 0.398784 0.705450 2.500000 0.000000 0.000000 0.000000 1.000000
0.873640 0.230565 0.428476 0.000000 0.013406 0.868861 -0.494874 4.940900 -0.486387 0.438086 0.755982 2.500000 0.000000 0.000000 0.000000 1.000000
0.917311 0.214127 0.335693 0.000000 -0.008483 0.853406 -0.521177 4.940900 -0.398080 0.475234 0.784656 2.500000 0.000000 0.000000 0.000000 1.000000
0.947588 0.178598 0.264914 0.000000 -0.013375 0.850615 -0.525620 4.940900 -0.319214 0.494528 0.808421 2.500000 0.000000 0.000000 0.000000 1.000000
0.980008 0.074570 0.184456 -0.000000 0.028014 0.866151 -0.498997 4.940900 -0.196977 0.494188 0.846746 2.500000 0.000000 0.000000 0.000000 1.000000
0.992245 -0.111747 0.054436 -0.000000 0.124199 0.873599 -0.470531 4.940900 0.005025 0.473643 0.880703 2.500000 0.000000 0.000000 0.000000 1.000000</float_array>
        <technique_common>
