<?xml version="1.0" encoding="utf-8"?>
<COLLADA xmlns="http://www.collada.org/2005/11/COLLADASchema" version="1.4.1">
  <asset>
    <contributor>
      <author>Mixamo</author>
      <authoring_tool>COLLADA Mixamo exporter</authoring_tool>
      <comments/>
    </contributor>
    <created>2024-05-25T16:00:28Z</created>
    <modified>2024-05-25T16:00:28Z</modified>
    <revision/>
    <title/>
    <unit meter="0.010000"/>
    <up_axis>Y_UP</up_axis>
  </asset>
  <library_animations>
    <animation id="mixamorig_Hips-anim" name="mixamorig_Hips">
      <source id="mixamorig_Hips-Matrix-animation-input">
        <float_array id="mixamorig_Hips-Matrix-animation-input-array" count="95">

0.000000 0.033333 0.066667 0.100000 0.133333 0.166667 0.200000 0.233333 0.266667 0.300000 0.333333 0.366667 0.400000 0.433333 0.466667 0.500000
0.533333 0.566667 0.600000 0.633333 0.666667 0.700000 0.733333 0.766667 0.800000 0.833333 0.866667 0.900000 0.933333 0.966667 1.000000 1.033333
1.066667 1.100000 1.133333 1.166667 1.200000 1.233333 1.266667 1.300000 1.333333 1.366667 1.400000 1.433333 1.466667 1.500000 1.533333 1.566667
1.600000 1.633333 1.666667 1.700000 1.733333 1.766667 1.800000 1.833333 1.866667 1.900000 1.933333 1.966667 2.000000 2.033333 2.066667 2.100000
2.133333 2.166667 2.200000 2.233333 2.266667 2.300000 2.333333 2.366667 2.400000 2.433333 2.466667 2.500000 2.533333 2.566667 2.600000 2.633333
2.666667 2.700000 2.733333 2.766667 2.800000 2.833333 2.866667 2.900000 2.933333 2.966667 3.000000 3.033333 3.066667 3.100000 3.133333</float_array>
        <technique_common>
          <accessor source="#mixamorig_Hips-Matrix-animation-input-array" count="95">
            <param name="TIME" type="float"/>
          </accessor>
        </technique_common>
      </source>
      <source id="mixamorig_Hips-Matrix-animation-output-transform">
        <float_array id="mixamorig_Hips-Matrix-animation-output-transform-array" count="1520">

0.820918 -0.527249 -0.219322 -8.182265 0.151930 0.571887 -0.806140 48.566502 0.550464 0.628453 0.549578 -4.797183 0.000000 0.000000 0.000000 1.000000
0.812805 -0.540319 -0.217724 -8.015276 0.156566 0.562623 -0.811753 48.373177 0.561102 0.625708 0.541898 -4.721179 0.000000 0.000000 0.000000 1.000000
0.805446 -0.550473 -0.219625 -7.817739 0.158383 0.557013 -0.815261 48.145981 0.571114 0.621864 0.535830 -4.607394 0.000000 0.000000 0.000000 1.000000
0.798916 -0.556490 -0.228150 -7.576790 0.155834 0.557912 -0.815138 47.902714 0.580903 0.615674 0.532445 -4.395396 0.000000 0.000000 0.000000 1.000000
0.793698 -0.557649 -0.243046 -7.200540 0.150496 0.567127 -0.809764 47.666096 0.589402 0.606131 0.534051 -4.059953 0.000000 0.000000 0.000000 1.000000
0.790846 -0.553160 -0.261872 -6.607235 0.144806 0.584859 -0.798105 47.435387 0.594638 0.593258 0.542634 -3.589002 0.000000 0.000000 0.000000 1.000000
0.792043 -0.539780 -0.285142 -5.803542 0.137597 0.612922 -0.778070 47.243713 0.594756 0.577031 0.559732 -2.870874 0.000000 0.000000 0.000000 1.000000
0.794485 -0.509557 -0.330371 -4.964520 0.118221 0.663381 -0.738884 47.313206 0.595665 0.547976 0.587287 -1.774722 0.000000 0.000000 0.000000 1.000000
0.788353 -0.448685 -0.420929 -4.415489 0.075068 0.749231 -0.658041 48.040565 0.610626 0.487170 0.624341 -0.319066 0.000000 0.000000 0.000000 1.000000
0.780022 -0.374611 -0.501231 -4.594151 0.036693 0.827009 -0.560991 49.544258 0.624675 0.419194 0.658830 0.784019 0.000000 0.000000 0.000000 1.000000
0.774599 -0.309760 -0.551403 -4.497940 0.009531 0.877467 -0.479543 51.326992 0.632381 0.366198 0.682637 1.992935 0.000000 0.000000 0.000000 1.000000
0.770371 -0.272594 -0.576386 -4.099513 -0.005293 0.901234 -0.433301 53.298618 0.637574 0.336853 0.692842 3.152394 0.000000 0.000000 0.000000 1.000000
0.763897 -0.250721 -0.594643 -3.783927 -0.013988 0.914795 -0.403677 55.791073 0.645187 0.316685 0.695302 4.212374 0.000000 0.000000 0.000000 1.000000
0.753024 -0.228256 -0.617134 -3.580906 -0.025136 0.927240 -0.373623 58.920361 0.657513 0.296859 0.692496 5.241817 0.000000 0.000000 0.000000 1.000000
0.734654 -0.204166 -0.646993 -3.189742 -0.038463 0.939577 -0.340169 62.457462 0.677351 0.274792 0.682411 6.144271 0.000000 0.000000 0.000000 1.000000
0.710715 -0.181804 -0.679582 -2.516028 -0.047467 0.951434 -0.304172 66.195084 0.701877 0.248437 0.667568 6.790487 0.000000 0.000000 0.000000 1.000000
0.683589 -0.162383 -0.711574 -1.764240 -0.049417 0.962402 -0.267096 70.042603 0.728192 0.217748 0.649863 7.176047 0.000000 0.000000 0.000000 1.000000
0.651268 -0.151938 -0.743482 -1.078141 -0.046084 0.970023 -0.238603 73.836342 0.757447 0.189657 0.624743 7.281609 0.000000 0.000000 0.000000 1.000000
0.616629 -0.154048 -0.772035 -0.391404 -0.039161 0.973452 -0.225516 77.461151 0.786279 0.169293 0.594227 7.160930 0.000000 0.000000 0.000000 1.000000
0.579385 -0.158451 -0.799504 0.301276 -0.032552 0.975640 -0.216948 80.934212 0.814404 0.151722 0.560114 7.070533 0.000000 0.000000 0.000000 1.000000
0.537531 -0.155826 -0.828721 0.748978 -0.029367 0.978722 -0.203078 83.804413 0.842733 0.133498 0.521517 6.857606 0.000000 0.000000 0.000000 1.000000
0.497196 -0.147274 -0.855048 0.817848 -0.028836 0.982139 -0.185932 85.730164 0.867159 0.117101 0.484069 6.328618 0.000000 0.000000 0.000000 1.000000
0.469535 -0.137738 -0.872104 0.791302 -0.028297 0.984901 -0.170788 86.949265 0.882460 0.104869 0.458548 5.639636 0.000000 0.000000 0.000000 1.000000
0.464744 -0.130670 -0.875750 0.992541 -0.024860 0.986735 -0.160423 87.847778 0.885096 0.096327 0.455331 5.135274 0.000000 0.000000 0.000000 1.000000
0.480187 -0.125783 -0.868101 1.409141 -0.018807 0.987961 -0.153553 88.310776 0.876965 0.090061 0.472040 5.034768 0.000000 0.000000 0.000000 1.000000
0.499707 -0.120795 -0.857730 1.825342 -0.012026 0.989165 -0.146312 88.404053 0.866111 0.083428 0.492840 5.056108 0.000000 0.000000 0.000000 1.000000
0.513498 -0.113135 -0.850600 2.177120 -0.007087 0.990677 -0.136045 88.288597 0.858062 0.075887 0.507909 5.129011 0.000000 0.000000 0.000000 1.000000
0.521534 -0.104242 -0.846839 2.430254 -0.000792 0.992449 -0.122654 88.183319 0.853230 0.064639 0.517514 5.263955 0.000000 0.000000 0.000000 1.000000
0.523069 -0.096011 -0.846865 2.615230 0.007159 0.994095 -0.108281 88.244781 0.852260 0.050575 0.520668 5.421179 0.000000 0.000000 0.000000 1.000000
0.517859 -0.088179 -0.850909 2.770577 0.012942 0.995367 -0.095273 88.347260 0.855368 0.038326 0.516600 5.505839 0.000000 0.000000 0.000000 1.000000
0.511092 -0.081295 -0.855673 2.890479 0.014458 0.996189 -0.086010 88.429802 0.859404 0.031588 0.510320 5.544897 0.000000 0.000000 0.000000 1.000000
0.508430 -0.078679 -0.857501 2.984011 0.015353 0.996487 -0.082328 88.488365 0.860966 0.028693 0.507852 5.578031 0.000000 0.000000 0.000000 1.000000
0.508829 -0.079496 -0.857189 3.086724 0.017455 0.996475 -0.082052 88.554062 0.860690 0.026788 0.508423 5.619742 0.000000 0.000000 0.000000 1.000000
0.507343 -0.079443 -0.858075 3.167578 0.019448 0.996544 -0.080764 88.637634 0.861525 0.024287 0.507134 5.669400 0.000000 0.000000 0.000000 1.000000
0.503085 -0.078043 -0.860706 3.167195 0.020552 0.996713 -0.078363 88.709465 0.863993 0.021734 0.503035 5.714691 0.000000 0.000000 0.000000 1.000000
0.496949 -0.078316 -0.864239 3.085863 0.021710 0.996730 -0.077839 88.749138 0.867508 0.019919 0.497024 5.766263 0.000000 0.000000 0.000000 1.000000
0.489754 -0.080369 -0.868148 2.958189 0.023509 0.996598 -0.078998 88.768890 0.871544 0.018280 0.489977 5.842169 0.000000 0.000000 0.000000 1.000000
0.482969 -0.081787 -0.871810 2.788236 0.025334 0.996517 -0.079452 88.775787 0.875271 0.016286 0.483358 5.932301 0.000000 0.000000 0.000000 1.000000
0.478041 -0.082875 -0.874419 2.554338 0.025926 0.996436 -0.080266 88.754974 0.877955 0.015700 0.478486 6.008029 0.000000 0.000000 0.000000 1.000000
0.475995 -0.085934 -0.875240 2.235051 0.024463 0.996123 -0.084498 88.739311 0.879108 0.018809 0.476252 6.085295 0.000000 0.000000 0.000000 1.000000
0.477664 -0.091443 -0.873771 1.848344 0.022358 0.995512 -0.091961 88.698967 0.878258 0.024391 0.477565 6.129539 0.000000 0.000000 0.000000 1.000000
0.484845 -0.097390 -0.869161 1.423595 0.020942 0.994789 -0.099785 88.601181 0.874349 0.030178 0.484358 6.105134 0.000000 0.000000 0.000000 1.000000
0.499146 -0.104458 -0.860199 0.966516 0.020288 0.993844 -0.108915 88.460487 0.866280 0.036913 0.498193 6.028818 0.000000 0.000000 0.000000 1.000000
0.519718 -0.115362 -0.846513 0.479930 0.018341 0.992120 -0.123945 88.278625 0.854141 0.048891 0.517738 5.933443 0.000000 0.000000 0.000000 1.000000
0.543754 -0.129461 -0.829199 0.048396 0.012572 0.989176 -0.146193 87.954285 0.839150 0.069069 0.539497 5.738525 0.000000 0.000000 0.000000 1.000000
0.570189 -0.143664 -0.808854 -0.190820 0.002515 0.984891 -0.173158 86.943939 0.821510 0.096699 0.561935 5.433127 0.000000 0.000000 0.000000 1.000000
0.601425 -0.159136 -0.782920 -0.174611 -0.006430 0.978966 -0.203923 85.272804 0.798904 0.127678 0.587751 5.052979 0.000000 0.000000 0.000000 1.000000
0.636703 -0.181652 -0.749408 0.085482 -0.009732 0.969887 -0.243363 83.046967 0.771048 0.162243 0.615762 4.688157 0.000000 0.000000 0.000000 1.000000
0.672068 -0.208251 -0.710602 0.410122 -0.009501 0.957135 -0.289486 80.384415 0.740428 0.201306 0.641281 4.349862 0.000000 0.000000 0.000000 1.000000
0.705624 -0.228354 -0.670782 0.551121 -0.009141 0.943637 -0.330857 77.385284 0.708527 0.239592 0.663765 4.010928 0.000000 0.000000 0.000000 1.000000
0.735886 -0.242019 -0.632376 0.401327 -0.008546 0.930545 -0.366077 74.228691 0.677052 0.274795 0.682707 3.627640 0.000000 0.000000 0.000000 1.000000
0.761607 -0.257980 -0.594475 0.034126 -0.005408 0.914783 -0.403910 71.068718 0.648016 0.310836 0.695310 3.106393 0.000000 0.000000 0.000000 1.000000
0.784324 -0.277047 -0.555050 -0.409690 0.003079 0.896463 -0.443108 67.988312 0.620343 0.345832 0.703971 2.543201 0.000000 0.000000 0.000000 1.000000
0.802725 -0.295266 -0.518122 -0.877458 0.016986 0.879792 -0.475056 64.996857 0.596107 0.372538 0.711246 2.059105 0.000000 0.000000 0.000000 1.000000
0.813816 -0.313745 -0.489150 -1.360679 0.031701 0.864448 -0.501721 62.155388 0.580257 0.392802 0.713448 1.664051 0.000000 0.000000 0.000000 1.000000
0.818934 -0.336294 -0.465030 -1.909796 0.044266 0.844917 -0.533062 59.274292 0.572178 0.415958 0.706818 1.117889 0.000000 0.000000 0.000000 1.000000
0.825037 -0.360663 -0.435013 -2.665283 0.055158 0.817551 -0.573208 56.183239 0.562381 0.448923 0.694403 0.401287 0.000000 0.000000 0.000000 1.000000
0.836005 -0.381212 -0.394681 -3.704998 0.067613 0.785357 -0.615339 52.884254 0.544540 0.487741 0.682338 -0.325324 0.000000 0.000000 0.000000 1.000000
0.843385 -0.400042 -0.358703 -4.660279 0.078359 0.752028 -0.654457 49.807827 0.531565 0.523852 0.665596 -1.066016 0.000000 0.000000 0.000000 1.000000
0.839706 -0.421994 -0.341782 -5.132770 0.074662 0.713123 -0.697052 47.676453 0.537884 0.559801 0.630320 -2.047380 0.000000 0.000000 0.000000 1.000000
0.831318 -0.446710 -0.330696 -5.124713 0.063041 0.666941 -0.742439 46.962414 0.552210 0.596356 0.582601 -3.195470 0.000000 0.000000 0.000000 1.000000
0.828947 -0.471249 -0.301283 -4.894701 0.064276 0.615342 -0.785635 47.276207 0.555622 0.631885 0.540376 -4.201066 0.000000 0.000000 0.000000 1.000000
0.832457 -0.491240 -0.256317 -4.812208 0.081106 0.565639 -0.820655 47.718834 0.548121 0.662371 0.510713 -4.827367 0.000000 0.000000 0.000000 1.000000
0.835786 -0.502325 -0.221654 -5.114843 0.099781 0.535941 -0.838338 47.831558 0.539912 0.678555 0.498055 -5.095679 0.000000 0.000000 0.000000 1.000000
0.838271 -0.505103 -0.205359 -5.681638 0.113206 0.529651 -0.840627 47.715958 0.533372 0.681426 0.501172 -5.103816 0.000000 0.000000 0.000000 1.000000
0.841335 -0.503517 -0.196534 -6.202920 0.123249 0.532738 -0.837257 47.630630 0.526275 0.680191 0.510269 -4.973294 0.000000 0.000000 0.000000 1.000000
0.843233 -0.502113 -0.191936 -6.568489 0.130487 0.537578 -0.833057 47.749172 0.521470 0.677416 0.518823 -4.823288 0.000000 0.000000 0.000000 1.000000
0.842147 -0.503212 -0.193818 -6.849146 0.135644 0.545547 -0.827030 48.073296 0.521909 0.670191 0.527689 -4.719400 0.000000 0.000000 0.000000 1.000000
0.839617 -0.505327 -0.199219 -7.083318 0.140174 0.555916 -0.819334 48.465218 0.524780 0.660002 0.537590 -4.648296 0.000000 0.000000 0.000000 1.000000
0.837550 -0.506207 -0.205584 -7.279321 0.143231 0.566550 -0.811484 48.771103 0.527252 0.650212 0.547018 -4.557367 0.000000 0.000000 0.000000 1.000000
0.836316 -0.505169 -0.213024 -7.463260 0.143624 0.576859 -0.804118 48.938389 0.529100 0.641901 0.554992 -4.440165 0.000000 0.000000 0.000000 1.000000
0.835455 -0.503421 -0.220415 -7.637611 0.142004 0.585209 -0.798352 49.006386 0.530895 0.635687 0.560403 -4.345795 0.000000 0.000000 0.000000 1.000000
0.834472 -0.502826 -0.225437 -7.762446 0.140352 0.589552 -0.795443 49.031433 0.532877 0.632135 0.562538 -4.304688 0.000000 0.000000 0.000000 1.000000
0.832984 -0.504131 -0.228012 -7.819251 0.139674 0.590342 -0.794976 49.046738 0.535377 0.630355 0.562159 -4.316773 0.000000 0.000000 0.000000 1.000000
0.830963 -0.506660 -0.229772 -7.830970 0.139297 0.589347 -0.795781 49.057629 0.538606 0.629258 0.560301 -4.371563 0.000000 0.000000 0.000000 1.000000
0.829220 -0.509253 -0.230337 -7.823838 0.138773 0.586793 -0.797757 49.043228 0.541420 0.629552 0.557251 -4.452478 0.000000 0.000000 0.000000 1.000000
0.828254 -0.511213 -0.229472 -7.824865 0.138382 0.583432 -0.800286 48.990963 0.542997 0.631085 0.553973 -4.547275 0.000000 0.000000 0.000000 1.000000
0.827526 -0.512682 -0.228818 -7.850229 0.138200 0.581041 -0.802055 48.919529 0.544152 0.632099 0.551679 -4.657025 0.000000 0.000000 0.000000 1.000000
0.826600 -0.514383 -0.228348 -7.858398 0.138824 0.579565 -0.803015 48.842510 0.545400 0.632072 0.550477 -4.770979 0.000000 0.000000 0.000000 1.000000
0.825887 -0.516555 -0.226012 -7.801055 0.140771 0.577059 -0.804479 48.751736 0.545980 0.632593 0.549301 -4.864373 0.000000 0.000000 0.000000 1.000000
0.825755 -0.518515 -0.221971 -7.710095 0.143036 0.573191 -0.806841 48.661087 0.545591 0.634503 0.547481 -4.926716 0.000000 0.000000 0.000000 1.000000
0.826076 -0.519273 -0.218984 -7.667640 0.144168 0.570361 -0.808643 48.604301 0.544807 0.636430 0.546024 -4.962257 0.000000 0.000000 0.000000 1.000000
0.826407 -0.519007 -0.218366 -7.685047 0.144028 0.569752 -0.809098 48.581375 0.544341 0.637193 0.545598 -4.974223 0.000000 0.000000 0.000000 1.000000
0.826387 -0.518768 -0.219010 -7.707988 0.143477 0.570079 -0.808965 48.572094 0.544518 0.637095 0.545537 -4.974989 0.000000 0.000000 0.000000 1.000000
0.826091 -0.518991 -0.219594 -7.710485 0.143329 0.570356 -0.808796 48.562916 0.545004 0.636665 0.545553 -4.976720 0.000000 0.000000 0.000000 1.000000
0.825790 -0.519322 -0.219943 -7.714440 0.143629 0.570780 -0.808444 48.550999 0.545382 0.636015 0.545934 -4.980642 0.000000 0.000000 0.000000 1.000000
0.825529 -0.519521 -0.220455 -7.738963 0.143950 0.571544 -0.807847 48.539200 0.545693 0.635166 0.546610 -4.984688 0.000000 0.000000 0.000000 1.000000
0.825310 -0.519669 -0.220924 -7.774111 0.144315 0.572357 -0.807205 48.528347 0.545927 0.634312 0.547368 -4.984224 0.000000 0.000000 0.000000 1.000000
0.825160 -0.519920 -0.220896 -7.809128 0.144985 0.572857 -0.806731 48.521332 0.545977 0.633655 0.548079 -4.978144 0.000000 0.000000 0.000000 1.000000
0.824945 -0.520333 -0.220725 -7.850755 0.145621 0.572994 -0.806518 48.519737 0.546132 0.633191 0.548460 -4.972171 0.000000 0.000000 0.000000 1.000000
0.824616 -0.520841 -0.220756 -7.904673 0.146013 0.572985 -0.806454 48.514805 0.546524 0.632782 0.548542 -4.963761 0.000000 0.000000 0.000000 1.000000
0.824193 -0.521547 -0.220669 -7.966633 0.146667 0.572950 -0.806361 48.505455 0.546987 0.632232 0.548715 -4.944475 0.000000 0.000000 0.000000 1.000000
0.823599 -0.522604 -0.220385 -8.028553 0.147755 0.572848 -0.806234 48.503883 0.547589 0.631451 0.549014 -4.913265 0.000000 0.000000 0.000000 1.000000
0.822741 -0.524013 -0.220243 -8.087170 0.148930 0.572659 -0.806152 48.515961 0.548559 0.630454 0.549191 -4.872132 0.000000 0.000000 0.000000 1.000000
0.821546 -0.526003 -0.219961 -8.148941 0.150548 0.572246 -0.806145 48.544876 0.549907 0.629170 0.549315 -4.823957 0.000000 0.000000 0.000000 1.000000</float_array>
        <technique_common>
          <accessor source="#mixamorig_Hips-Matrix-animation-output-transform-array" count="95" stride="16">
            <param type="float4x4"/>
          </accessor>
        </technique_common>
      </source>
      <source id="mixamorig_Hips-Interpolations">
        <Name_array id="mixamorig_Hips-Interpolations-array" count="95">
 LINEAR LINEAR LINEAR LINEAR LINEAR LINEAR LINEAR LINEAR LINEAR LINEAR LINEAR
LINEAR LINEAR LINEAR LINEAR LINEAR LINEAR LINEAR LINEAR LINEAR LINEAR LINEAR LINEAR
LINEAR LINEAR LINEAR LINEAR LINEAR LINEAR LINEAR LINEAR LINEAR LINEAR LINEAR LINEAR
LINEAR LINEAR LINEAR LINEAR LINEAR LINEAR LINEAR LINEAR LINEAR LINEAR LINEAR LINEAR
LINEAR LINEAR LINEAR LINEAR LINEAR LINEAR LINEAR LINEAR LINEAR LINEAR LINEAR LINEAR
LINEAR LINEAR LINEAR LINEAR LINEAR LINEAR LINEAR LINEAR LINEAR LINEAR LINEAR LINEAR
LINEAR LINEAR LINEAR LINEAR LINEAR LINEAR LINEAR LINEAR LINEAR LINEAR LINEAR LINEAR
LINEAR LINEAR LINEAR LINEAR LINEAR LINEAR LINEAR LINEAR LINEAR LINEAR LINEAR LINEAR</Name_array>
        <technique_common>
          <accessor source="#mixamorig_Hips-Interpolations-array" count="95">
            <param type="name"/>
          </accessor>
        </technique_common>
      </source>
      <sampler id="mixamorig_Hips-Matrix-animation-transform">
        <input semantic="INPUT" source="#mixamorig_Hips-Matrix-animation-input"/>
        <input semantic="OUTPUT" source="#mixamorig_Hips-Matrix-animation-output-transform"/>
        <input semantic="INTERPOLATION" source="#mixamorig_Hips-Interpolations"/>
      </sampler>
      <channel source="#mixamorig_Hips-Matrix-animation-transform" target="mixamorig_Hips/matrix"/>
    </animation>
    <animation id="mixamorig_Spine-anim" name="mixamorig_Spine">
      <source id="mixamorig_Spine-Matrix-animation-input">
        <float_array id="mixamorig_Spine-Matrix-animation-input-array" count="95">

0.000000 0.033333 0.066667 0.100000 0.133333 0.166667 0.200000 0.233333 0.266667 0.300000 0.333333 0.366667 0.400000 0.433333 0.466667 0.500000
0.533333 0.566667 0.600000 0.633333 0.666667 0.700000 0.733333 0.766667 0.800000 0.833333 0.866667 0.900000 0.933333 0.966667 1.000000 1.033333
1.066667 1.100000 1.133333 1.166667 1.200000 1.233333 1.266667 1.300000 1.333333 1.366667 1.400000 1.433333 1.466667 1.500000 1.533333 1.566667
1.600000 1.633333 1.666667 1.700000 1.733333 1.766667 1.800000 1.833333 1.866667 1.900000 1.933333 1.966667 2.000000 2.033333 2.066667 2.100000
2.133333 2.166667 2.200000 2.233333 2.266667 2.300000 2.333333 2.366667 2.400000 2.433333 2.466667 2.500000 2.533333 2.566667 2.600000 2.633333
2.666667 2.700000 2.733333 2.766667 2.800000 2.833333 2.866667 2.900000 2.933333 2.966667 3.000000 3.033333 3.066667 3.100000 3.133333</float_array>
        <technique_common>
          <accessor source="#mixamorig_Spine-Matrix-animation-input-array" count="95">
            <param name="TIME" type="float"/>
          </accessor>
        </technique_common>
      </source>
      <source id="mixamorig_Spine-Matrix-animation-output-transform">
        <float_array id="mixamorig_Spine-Matrix-animation-output-transform-array" count="1520">

0.998046 0.039374 -0.048521 0.000000 -0.044158 0.993821 -0.101836 9.465600 0.044211 0.103779 0.993617 -1.179100 0.000000 0.000000 0.000000 1.000000
0.998217 0.033770 -0.049228 0.000000 -0.038730 0.993868 -0.103569 9.465600 0.045429 0.105290 0.993403 -1.179100 0.000000 0.000000 0.000000 1.000000
0.998387 0.027746 -0.049536 -0.000000 -0.032867 0.993849 -0.105757 9.465600 0.046297 0.107215 0.993157 -1.179100 0.000000 0.000000 0.000000 1.000000
0.998565 0.021522 -0.049045 0.000000 -0.026721 0.993798 -0.107939 9.465600 0.046417 0.109094 0.992947 -1.179100 0.000000 0.000000 0.000000 1.000000
0.998692 0.014933 -0.048895 -0.000000 -0.020174 0.993892 -0.108502 9.465600 0.046976 0.109347 0.992893 -1.179100 0.000000 0.000000 0.000000 1.000000
0.998674 0.008030 -0.050859 0.000000 -0.013340 0.994388 -0.104950 9.465600 0.049731 0.105490 0.993176 -1.179100 0.000000 0.000000 0.000000 1.000000
0.998495 0.001768 -0.054823 0.000000 -0.007010 0.995398 -0.095575 9.465600 0.054402 0.095816 0.993911 -1.179100 0.000000 0.000000 0.000000 1.000000
0.998377 -0.000652 -0.056956 0.000000 -0.004079 0.996550 -0.082899 9.465600 0.056813 0.082997 0.994929 -1.179100 0.000000 0.000000 0.000000 1.000000
0.998573 0.004158 -0.053243 0.000000 -0.007897 0.997501 -0.070203 9.465600 0.052818 0.070523 0.996111 -1.179100 0.000000 0.000000 0.000000 1.000000
0.998798 0.017057 -0.045950 0.000000 -0.019685 0.998159 -0.057361 9.465600 0.044887 0.058197 0.997296 -1.179100 0.000000 0.000000 0.000000 1.000000
0.998721 0.029222 -0.041252 0.000000 -0.030504 0.999060 -0.030790 9.465600 0.040314 0.032009 0.998674 -1.179100 0.000000 0.000000 0.000000 1.000000
0.998357 0.042433 -0.038513 0.000000 -0.042254 0.999092 0.005471 9.465600 0.038710 -0.003835 0.999243 -1.179100 0.000000 0.000000 0.000000 1.000000
0.997952 0.053469 -0.035115 -0.000000 -0.052080 0.997868 0.039338 9.465600 0.037144 -0.037428 0.998609 -1.179100 0.000000 0.000000 0.000000 1.000000
0.997980 0.055844 -0.030278 -0.000000 -0.053836 0.996528 0.063516 9.465600 0.033720 -0.061758 0.997521 -1.179100 0.000000 0.000000 0.000000 1.000000
0.998507 0.049700 -0.022667 0.000000 -0.047843 0.995944 0.076204 9.465600 0.026363 -0.075006 0.996835 -1.179100 0.000000 0.000000 0.000000 1.000000
0.999264 0.037245 -0.009188 0.000000 -0.036370 0.995985 0.081800 9.465600 0.012198 -0.081405 0.996606 -1.179100 0.000000 0.000000 0.000000 1.000000
0.999801 0.018330 0.007811 0.000000 -0.018941 0.996025 0.087033 9.465600 -0.006185 -0.087163 0.996175 -1.179100 0.000000 0.000000 0.000000 1.000000
0.999728 0.002044 0.023244 0.000000 -0.004197 0.995659 0.092977 9.465600 -0.022953 -0.093049 0.995397 -1.179100 0.000000 0.000000 0.000000 1.000000
0.999253 0.000518 0.038632 0.000000 -0.004301 0.995188 0.097888 9.465600 -0.038395 -0.097981 0.994447 -1.179100 0.000000 0.000000 0.000000 1.000000
0.998659 0.007427 0.051242 -0.000000 -0.012492 0.994985 0.099237 9.465600 -0.050248 -0.099744 0.993744 -1.179100 0.000000 0.000000 0.000000 1.000000
0.998238 0.011971 0.058109 0.000000 -0.017610 0.995076 0.097534 9.465600 -0.056655 -0.098385 0.993534 -1.179100 0.000000 0.000000 0.000000 1.000000
0.998026 0.011655 0.061708 0.000000 -0.017512 0.995300 0.095248 9.465600 -0.060308 -0.096140 0.993539 -1.179100 0.000000 0.000000 0.000000 1.000000
0.997947 0.008628 0.063468 -0.000000 -0.014599 0.995444 0.094223 9.465600 -0.062366 -0.094956 0.993526 -1.179100 0.000000 0.000000 0.000000 1.000000
0.998042 0.005926 0.062274 0.000000 -0.011897 0.995315 0.095950 9.465600 -0.061413 -0.096503 0.993436 -1.179100 0.000000 0.000000 0.000000 1.000000
0.998246 0.005826 0.058917 0.000000 -0.011644 0.995030 0.098894 9.465600 -0.058048 -0.099406 0.993352 -1.179100 0.000000 0.000000 0.000000 1.000000
0.998410 0.008263 0.055758 0.000000 -0.013876 0.994786 0.101033 9.465600 -0.054633 -0.101646 0.993319 -1.179100 0.000000 0.000000 0.000000 1.000000
0.998529 0.009413 0.053403 0.000000 -0.014836 0.994665 0.102083 9.465600 -0.052157 -0.102726 0.993341 -1.179100 0.000000 0.000000 0.000000 1.000000
0.998670 0.008432 0.050861 0.000000 -0.013638 0.994598 0.102898 9.465600 -0.049719 -0.103455 0.993391 -1.179100 0.000000 0.000000 0.000000 1.000000
0.998794 0.005326 0.048818 0.000000 -0.010373 0.994551 0.103736 9.465600 -0.047999 -0.104118 0.993406 -1.179100 0.000000 0.000000 0.000000 1.000000
0.998790 0.003683 0.049049 -0.000000 -0.008712 0.994672 0.102724 9.465600 -0.048409 -0.103027 0.993500 -1.179100 0.000000 0.000000 0.000000 1.000000
0.998764 0.003096 0.049617 0.000000 -0.008081 0.994894 0.100598 9.465600 -0.049053 -0.100875 0.993689 -1.179100 0.000000 0.000000 0.000000 1.000000
0.998836 0.001900 0.048189 0.000000 -0.006817 0.994753 0.102080 9.465600 -0.047742 -0.102290 0.993608 -1.179100 0.000000 0.000000 0.000000 1.000000
0.998939 -0.001485 0.046035 0.000000 -0.003548 0.994030 0.109047 9.465600 -0.045922 -0.109094 0.992970 -1.179100 0.000000 0.000000 0.000000 1.000000
0.998967 -0.005086 0.045161 -0.000000 -0.000138 0.993374 0.114926 9.465600 -0.045446 -0.114813 0.992347 -1.179100 0.000000 0.000000 0.000000 1.000000
0.998965 -0.006546 0.045013 0.000000 0.001326 0.993360 0.115040 9.465600 -0.045467 -0.114861 0.992340 -1.179100 0.000000 0.000000 0.000000 1.000000
0.998964 -0.006562 0.045037 0.000000 0.001447 0.993630 0.112685 9.465600 -0.045490 -0.112503 0.992610 -1.179100 0.000000 0.000000 0.000000 1.000000
0.998968 -0.006220 0.044982 -0.000000 0.001171 0.993773 0.111421 9.465600 -0.045395 -0.111254 0.992755 -1.179100 0.000000 0.000000 0.000000 1.000000
0.998964 -0.005604 0.045168 0.000000 0.000578 0.993874 0.110520 9.465600 -0.045510 -0.110379 0.992847 -1.179100 0.000000 0.000000 0.000000 1.000000
0.998952 -0.004447 0.045548 0.000000 -0.000543 0.994046 0.108956 9.465600 -0.045762 -0.108866 0.993003 -1.179100 0.000000 0.000000 0.000000 1.000000
0.998950 -0.003530 0.045676 -0.000000 -0.001421 0.994159 0.107914 9.465600 -0.045790 -0.107866 0.993110 -1.179100 0.000000 0.000000 0.000000 1.000000
0.998951 -0.002186 0.045741 0.000000 -0.002757 0.994177 0.107724 9.465600 -0.045710 -0.107737 0.993128 -1.179100 0.000000 0.000000 0.000000 1.000000
0.998975 -0.000516 0.045266 0.000000 -0.004367 0.994173 0.107711 9.465600 -0.045058 -0.107798 0.993151 -1.179100 0.000000 0.000000 0.000000 1.000000
0.999077 0.001290 0.042939 0.000000 -0.005918 0.994152 0.107824 9.465600 -0.042549 -0.107978 0.993242 -1.179100 0.000000 0.000000 0.000000 1.000000
0.999250 0.002961 0.038615 0.000000 -0.007155 0.994024 0.108930 9.465600 -0.038062 -0.109124 0.993299 -1.179100 0.000000 0.000000 0.000000 1.000000
0.999450 0.003543 0.032970 0.000000 -0.007173 0.993832 0.110661 9.465600 -0.032375 -0.110837 0.993311 -1.179100 0.000000 0.000000 0.000000 1.000000
0.999629 0.004764 0.026818 0.000000 -0.007670 0.993977 0.109318 9.465600 -0.026136 -0.109483 0.993645 -1.179100 0.000000 0.000000 0.000000 1.000000
0.999781 0.007607 0.019473 -0.000000 -0.009565 0.994683 0.102539 9.465600 -0.018590 -0.102702 0.994538 -1.179100 0.000000 0.000000 0.000000 1.000000
0.999876 0.010987 0.011279 0.000000 -0.011980 0.995671 0.092170 9.465600 -0.010217 -0.092294 0.995679 -1.179100 0.000000 0.000000 0.000000 1.000000
0.999912 0.013023 0.002339 0.000000 -0.013168 0.996735 0.079661 9.465600 -0.001294 -0.079685 0.996819 -1.179100 0.000000 0.000000 0.000000 1.000000
0.999883 0.012076 -0.009396 0.000000 -0.011460 0.997944 0.063062 9.465600 0.010138 -0.062947 0.997965 -1.179100 0.000000 0.000000 0.000000 1.000000
0.999689 0.009239 -0.023158 0.000000 -0.008222 0.999013 0.043641 9.465600 0.023538 -0.043437 0.998779 -1.179100 0.000000 0.000000 0.000000 1.000000
0.999376 0.008502 -0.034291 0.000000 -0.007579 0.999608 0.026964 9.465600 0.034507 -0.026687 0.999048 -1.179100 0.000000 0.000000 0.000000 1.000000
0.999082 0.010216 -0.041595 0.000000 -0.009662 0.999862 0.013495 9.465600 0.041727 -0.013080 0.999043 -1.179100 0.000000 0.000000 0.000000 1.000000
0.998825 0.012527 -0.046806 0.000000 -0.012564 0.999921 -0.000502 9.465600 0.046796 0.001089 0.998904 -1.179100 0.000000 0.000000 0.000000 1.000000
0.998638 0.015103 -0.049943 -0.000000 -0.015861 0.999765 -0.014801 9.465600 0.049708 0.015573 0.998642 -1.179100 0.000000 0.000000 0.000000 1.000000
0.998488 0.018703 -0.051681 -0.000000 -0.020254 0.999355 -0.029648 9.465600 0.051094 0.030650 0.998223 -1.179100 0.000000 0.000000 0.000000 1.000000
0.998229 0.019939 -0.056042 -0.000000 -0.022697 0.998539 -0.049029 9.465600 0.054982 0.050214 0.997224 -1.179100 0.000000 0.000000 0.000000 1.000000
0.997881 0.016153 -0.063029 -0.000000 -0.020802 0.997055 -0.073815 9.465600 0.061651 0.074969 0.995278 -1.179100 0.000000 0.000000 0.000000 1.000000
0.997750 0.010460 -0.066229 0.000000 -0.016941 0.995036 -0.098062 9.465600 0.064874 0.098963 0.992974 -1.179100 0.000000 0.000000 0.000000 1.000000
0.997986 0.007828 -0.062949 -0.000000 -0.014985 0.993363 -0.114039 9.465600 0.061638 0.114753 0.991480 -1.179100 0.000000 0.000000 0.000000 1.000000
0.998202 0.009077 -0.059255 0.000000 -0.016280 0.992367 -0.122243 9.465600 0.057693 0.122988 0.990730 -1.179100 0.000000 0.000000 0.000000 1.000000
0.998222 0.010432 -0.058683 0.000000 -0.017742 0.991940 -0.125460 9.465600 0.056901 0.126278 0.990362 -1.179100 0.000000 0.000000 0.000000 1.000000
0.998287 0.010874 -0.057481 -0.000000 -0.018028 0.991936 -0.125449 9.465600 0.055653 0.126270 0.990434 -1.179100 0.000000 0.000000 0.000000 1.000000
0.998464 0.012258 -0.054032 -0.000000 -0.019040 0.991741 -0.126835 9.465600 0.052031 0.127669 0.990451 -1.179100 0.000000 0.000000 0.000000 1.000000
0.998584 0.014139 -0.051280 -0.000000 -0.020697 0.991337 -0.129700 9.465600 0.049002 0.130577 0.990226 -1.179100 0.000000 0.000000 0.000000 1.000000
0.998585 0.015648 -0.050817 -0.000000 -0.022130 0.991316 -0.129626 9.465600 0.048348 0.130567 0.990260 -1.179100 0.000000 0.000000 0.000000 1.000000
0.998529 0.017929 -0.051169 -0.000000 -0.024262 0.991739 -0.125955 9.465600 0.048488 0.127011 0.990715 -1.179100 0.000000 0.000000 0.000000 1.000000
0.998461 0.021919 -0.050938 -0.000000 -0.027991 0.992169 -0.121724 9.465600 0.047871 0.122962 0.991256 -1.179100 0.000000 0.000000 0.000000 1.000000
0.998409 0.026608 -0.049710 0.000000 -0.032345 0.992438 -0.118410 9.465600 0.046184 0.119829 0.991720 -1.179100 0.000000 0.000000 0.000000 1.000000
0.998374 0.030025 -0.048449 -0.000000 -0.035461 0.992666 -0.115570 9.465600 0.044624 0.117100 0.992117 -1.179100 0.000000 0.000000 0.000000 1.000000
0.998351 0.031637 -0.047900 -0.000000 -0.036891 0.992897 -0.113113 9.465600 0.043982 0.114693 0.992427 -1.179100 0.000000 0.000000 0.000000 1.000000
0.998310 0.032170 -0.048389 -0.000000 -0.037377 0.993131 -0.110880 9.465600 0.044489 0.112502 0.992655 -1.179100 0.000000 0.000000 0.000000 1.000000
0.998232 0.032248 -0.049925 0.000000 -0.037517 0.993391 -0.108476 9.465600 0.046097 0.110157 0.992845 -1.179100 0.000000 0.000000 0.000000 1.000000
0.998134 0.032395 -0.051767 0.000000 -0.037760 0.993621 -0.106262 9.465600 0.047995 0.108019 0.992990 -1.179100 0.000000 0.000000 0.000000 1.000000
0.998058 0.032551 -0.053113 0.000000 -0.037992 0.993760 -0.104867 9.465600 0.049368 0.106681 0.993067 -1.179100 0.000000 0.000000 0.000000 1.000000
0.998028 0.032306 -0.053810 0.000000 -0.037781 0.993854 -0.104048 9.465600 0.050118 0.105876 0.993116 -1.179100 0.000000 0.000000 0.000000 1.000000
0.998036 0.031508 -0.054141 -0.000000 -0.037001 0.993925 -0.103657 9.465600 0.050546 0.105457 0.993138 -1.179100 0.000000 0.000000 0.000000 1.000000
0.998054 0.030817 -0.054203 0.000000 -0.036336 0.993915 -0.103982 9.465600 0.050668 0.105749 0.993101 -1.179100 0.000000 0.000000 0.000000 1.000000
0.998078 0.030709 -0.053831 0.000000 -0.036228 0.993838 -0.104751 9.465600 0.050283 0.106500 0.993040 -1.179100 0.000000 0.000000 0.000000 1.000000
0.998109 0.030773 -0.053205 0.000000 -0.036231 0.993828 -0.104852 9.465600 0.049650 0.106581 0.993064 -1.179100 0.000000 0.000000 0.000000 1.000000
0.998142 0.030466 -0.052764 0.000000 -0.035824 0.993955 -0.103781 9.465600 0.049283 0.105479 0.993200 -1.179100 0.000000 0.000000 0.000000 1.000000
0.998185 0.030077 -0.052172 0.000000 -0.035320 0.994086 -0.102688 9.465600 0.048775 0.104344 0.993344 -1.179100 0.000000 0.000000 0.000000 1.000000
0.998229 0.029973 -0.051394 -0.000000 -0.035117 0.994134 -0.102292 9.465600 0.048027 0.103916 0.993426 -1.179100 0.000000 0.000000 0.000000 1.000000
0.998241 0.030204 -0.051012 0.000000 -0.035292 0.994161 -0.101976 9.465600 0.047634 0.103597 0.993478 -1.179100 0.000000 0.000000 0.000000 1.000000
0.998229 0.030910 -0.050823 0.000000 -0.035950 0.994190 -0.101459 9.465600 0.047392 0.103107 0.993541 -1.179100 0.000000 0.000000 0.000000 1.000000
0.998220 0.032012 -0.050326 0.000000 -0.036987 0.994172 -0.101257 9.465600 0.046791 0.102939 0.993587 -1.179100 0.000000 0.000000 0.000000 1.000000
0.998211 0.033151 -0.049751 0.000000 -0.038066 0.994123 -0.101345 9.465600 0.046099 0.103057 0.993607 -1.179100 0.000000 0.000000 0.000000 1.000000
0.998197 0.034152 -0.049355 0.000000 -0.039022 0.994087 -0.101335 9.465600 0.045602 0.103079 0.993627 -1.179100 0.000000 0.000000 0.000000 1.000000
0.998181 0.034983 -0.049091 -0.000000 -0.039820 0.994060 -0.101289 9.465600 0.045256 0.103060 0.993645 -1.179100 0.000000 0.000000 0.000000 1.000000
0.998163 0.035635 -0.048992 -0.000000 -0.040457 0.994040 -0.101229 9.465600 0.045093 0.103025 0.993656 -1.179100 0.000000 0.000000 0.000000 1.000000
0.998145 0.036200 -0.048959 -0.000000 -0.041013 0.994023 -0.101176 9.465600 0.045004 0.102997 0.993663 -1.179100 0.000000 0.000000 0.000000 1.000000
0.998128 0.036692 -0.048935 0.000000 -0.041499 0.994005 -0.101149 9.465600 0.044930 0.102991 0.993667 -1.179100 0.000000 0.000000 0.000000 1.000000
0.998109 0.037268 -0.048888 -0.000000 -0.042069 0.993981 -0.101158 9.465600 0.044823 0.103023 0.993669 -1.179100 0.000000 0.000000 0.000000 1.000000
0.998079 0.038304 -0.048687 0.000000 -0.043082 0.993932 -0.101205 9.465600 0.044515 0.103108 0.993674 -1.179100 0.000000 0.000000 0.000000 1.000000
0.998045 0.039331 -0.048580 -0.000000 -0.044102 0.993869 -0.101391 9.465600 0.044294 0.103336 0.993660 -1.179100 0.000000 0.000000 0.000000 1.000000</float_array>
        <technique_common>
          <accessor source="#mixamorig_Spine-Matrix-animation-output-transform-array" count="95" stride="16">
            <param type="float4x4"/>
          </accessor>
        </technique_common>
      </source>
      <source id="mixamorig_Spine-Interpolations">
        <Name_array id="mixamorig_Spine-Interpolations-array" count="95">
 LINEAR LINEAR LINEAR LINEAR LINEAR LINEAR LINEAR LINEAR LINEAR LINEAR LINEAR
LINEAR LINEAR LINEAR LINEAR LINEAR LINEAR LINEAR LINEAR LINEAR LINEAR LINEAR LINEAR
LINEAR LINEAR LINEAR LINEAR LINEAR LINEAR LINEAR LINEAR LINEAR LINEAR LINEAR LINEAR
LINEAR LINEAR LINEAR LINEAR LINEAR LINEAR LINEAR LINEAR LINEAR LINEAR LINEAR LINEAR
LINEAR LINEAR LINEAR LINEAR LINEAR LINEAR LINEAR LINEAR LINEAR LINEAR LINEAR LINEAR
LINEAR LINEAR LINEAR LINEAR LINEAR LINEAR LINEAR LINEAR LINEAR LINEAR LINEAR LINEAR
LINEAR LINEAR LINEAR LINEAR LINEAR LINEAR LINEAR LINEAR LINEAR LINEAR LINEAR LINEAR
LINEAR LINEAR LINEAR LINEAR LINEAR LINEAR LINEAR LINEAR LINEAR LINEAR LINEAR LINEAR</Name_array>
        <technique_common>
          <accessor source="#mixamorig_Spine-Interpolations-array" count="95">
            <param type="name"/>
          </accessor>
        </technique_common>
      </source>
      <sampler id="mixamorig_Spine-Matrix-animation-transform">
        <input semantic="INPUT" source="#mixamorig_Spine-Matrix-animation-input"/>
        <input semantic="OUTPUT" source="#mixamorig_Spine-Matrix-animation-output-transform"/>
        <input semantic="INTERPOLATION" source="#mixamorig_Spine-Interpolations"/>
      </sampler>
      <channel source="#mixamorig_Spine-Matrix-animation-transform" target="mixamorig_Spine/matrix"/>
    </animation>
    <animation id="mixamorig_Spine1-anim" name="mixamorig_Spine1">
      <source id="mixamorig_Spine1-Matrix-animation-input">
        <float_array id="mixamorig_Spine1-Matrix-animation-input-array" count="95">

0.000000 0.033333 0.066667 0.100000 0.133333 0.166667 0.200000 0.233333 0.266667 0.300000 0.333333 0.366667 0.400000 0.433333 0.466667 0.500000
0.533333 0.566667 0.600000 0.633333 0.666667 0.700000 0.733333 0.766667 0.800000 0.833333 0.866667 0.900000 0.933333 0.966667 1.000000 1.033333
1.066667 1.100000 1.133333 1.166667 1.200000 1.233333 1.266667 1.300000 1.333333 1.366667 1.400000 1.433333 1.466667 1.500000 1.533333 1.566667
1.600000 1.633333 1.666667 1.700000 1.733333 1.766667 1.800000 1.833333 1.866667 1.900000 1.933333 1.966667 2.000000 2.033333 2.066667 2.100000
2.133333 2.166667 2.200000 2.233333 2.266667 2.300000 2.333333 2.366667 2.400000 2.433333 2.466667 2.500000 2.533333 2.566667 2.600000 2.633333
2.666667 2.700000 2.733333 2.766667 2.800000 2.833333 2.866667 2.900000 2.933333 2.966667 3.000000 3.033333 3.066667 3.100000 3.133333</float_array>
        <technique_common>
          <accessor source="#mixamorig_Spine1-Matrix-animation-input-array" count="95">
            <param name="TIME" type="float"/>
          </accessor>
        </technique_common>
      </source>
      <source id="mixamorig_Spine1-Matrix-animation-output-transform">
        <float_array id="mixamorig_Spine1-Matrix-animation-output-transform-array" count="1520">

0.996697 0.026165 -0.076883 0.000000 -0.044892 0.966403 -0.253082 11.128500 0.067678 0.255698 0.964385 0.000000 0.000000 0.000000 0.000000 1.000000
0.996624 0.021101 -0.079341 0.000000 -0.040653 0.966449 -0.253623 11.128500 0.071327 0.255992 0.964044 -0.000000 0.000000 0.000000 0.000000 1.000000
0.996578 0.015226 -0.081240 0.000000 -0.035487 0.966507 -0.254175 11.128500 0.074649 0.256188 0.963740 0.000000 0.000000 0.000000 0.000000 1.000000
0.996594 0.008942 -0.081982 0.000000 -0.029592 0.966676 -0.254288 11.128500 0.076976 0.255847 0.963648 0.000000 0.000000 0.000000 0.000000 1.000000
0.996537 0.002100 -0.083122 -0.000000 -0.023066 0.967428 -0.252093 11.128500 0.079885 0.253138 0.964126 0.000000 0.000000 0.000000 0.000000 1.000000
0.996184 -0.005034 -0.087135 0.000000 -0.016456 0.969596 -0.244158 11.128500 0.085715 0.244660 0.965813 -0.000000 0.000000 0.000000 0.000000 1.000000
0.995532 -0.011380 -0.093740 -0.000000 -0.010329 0.973631 -0.227896 11.128500 0.093862 0.227846 0.969163 0.000000 0.000000 0.000000 0.000000 1.000000
0.995262 -0.011821 -0.096512 -0.000000 -0.008618 0.977952 -0.208653 11.128500 0.096850 0.208497 0.973216 0.000000 0.000000 0.000000 0.000000 1.000000
0.996087 0.001917 -0.088354 0.000000 -0.019306 0.980338 -0.196381 11.128500 0.086240 0.197318 0.976539 0.000000 0.000000 0.000000 0.000000 1.000000
0.996882 0.028026 -0.073768 -0.000000 -0.041904 0.980125 -0.193906 11.128500 0.066867 0.196393 0.978243 0.000000 0.000000 0.000000 0.000000 1.000000
0.996688 0.050344 -0.063868 0.000000 -0.060754 0.983005 -0.173232 11.128500 0.054061 0.176538 0.982808 -0.000000 0.000000 0.000000 0.000000 1.000000
0.995953 0.068879 -0.057743 0.000000 -0.076142 0.987937 -0.134841 11.128500 0.047758 0.138692 0.989183 -0.000000 0.000000 0.000000 0.000000 1.000000
0.995300 0.082290 -0.051052 0.000000 -0.086867 0.991672 -0.095088 11.128500 0.042802 0.099075 0.994159 0.000000 0.000000 0.000000 0.000000 1.000000
0.995546 0.084152 -0.042510 -0.000000 -0.086770 0.994168 -0.064039 11.128500 0.036873 0.067443 0.997042 0.000000 0.000000 0.000000 0.000000 1.000000
0.996819 0.073717 -0.030299 0.000000 -0.075037 0.996164 -0.045020 11.128500 0.026864 0.047150 0.998527 0.000000 0.000000 0.000000 0.000000 1.000000
0.998396 0.055744 -0.009882 0.000000 -0.056075 0.997736 -0.037129 11.128500 0.007790 0.037624 0.999262 -0.000000 0.000000 0.000000 0.000000 1.000000
0.999298 0.034126 0.015477 -0.000000 -0.033577 0.998842 -0.034457 11.128500 -0.016635 0.033913 0.999286 0.000000 0.000000 0.000000 0.000000 1.000000
0.999159 0.015060 0.038144 0.000000 -0.013900 0.999439 -0.030484 11.128500 -0.038582 0.029928 0.998807 -0.000000 0.000000 0.000000 0.000000 1.000000
0.998171 0.006267 0.060132 0.000000 -0.004868 0.999715 -0.023376 11.128500 -0.060262 0.023040 0.997917 0.000000 0.000000 0.000000 0.000000 1.000000
0.996936 0.005279 0.078044 0.000000 -0.003862 0.999825 -0.018292 11.128500 -0.078127 0.017935 0.996782 -0.000000 0.000000 0.000000 0.000000 1.000000
0.996155 0.004773 0.087484 0.000000 -0.003192 0.999829 -0.018201 11.128500 -0.087556 0.017852 0.996000 0.000000 0.000000 0.000000 0.000000 1.000000
0.995720 0.002577 0.092385 -0.000000 -0.000694 0.999791 -0.020408 11.128500 -0.092418 0.020257 0.995514 0.000000 0.000000 0.000000 0.000000 1.000000
