<?xml version="1.0" encoding="utf-8"?>
<COLLADA xmlns="http://www.collada.org/2005/11/COLLADASchema" version="1.4.1">
  <asset>
    <contributor>
      <author>Mixamo</author>
      <authoring_tool>COLLADA Mixamo exporter</authoring_tool>
      <comments/>
    </contributor>
    <created>2024-06-01T16:33:07Z</created>
    <modified>2024-06-01T16:33:07Z</modified>
    <revision/>
    <title/>
    <unit meter="0.010000"/>
    <up_axis>Y_UP</up_axis>
  </asset>
  <library_animations>
    <animation id="mixamorig_Hips-anim" name="mixamorig_Hips">
      <source id="mixamorig_Hips-Matrix-animation-input">
        <float_array id="mixamorig_Hips-Matrix-animation-input-array" count="34">

0.000000 0.033333 0.066667 0.100000 0.133333 0.166667 0.200000 0.233333 0.266667 0.300000 0.333333 0.366667 0.400000 0.433333 0.466667 0.500000
0.533333 0.566667 0.600000 0.633333 0.666667 0.700000 0.733333 0.766667 0.800000 0.833333 0.866667 0.900000 0.933333 0.966667 1.000000 1.033333
1.066667 1.100000</float_array>
        <technique_common>
          <accessor source="#mixamorig_Hips-Matrix-animation-input-array" count="34">
            <param name="TIME" type="float"/>
          </accessor>
        </technique_common>
      </source>
      <source id="mixamorig_Hips-Matrix-animation-output-transform">
        <float_array id="mixamorig_Hips-Matrix-animation-output-transform-array" count="544">

0.989454 0.022543 -0.143083 0.227189 -0.022401 0.999746 0.002606 91.060417 0.143105 0.000627 0.989707 0.244556 0.000000 0.000000 0.000000 1.000000
0.987966 -0.005401 -0.154579 0.335357 0.005691 0.999983 0.001433 91.834152 0.154568 -0.002296 0.987979 0.466497 0.000000 0.000000 0.000000 1.000000
0.985675 -0.029614 -0.166035 0.432949 0.029914 0.999552 -0.000689 92.413651 0.165981 -0.004287 0.986120 0.733583 0.000000 0.000000 0.000000 1.000000
0.983066 -0.045836 -0.177425 0.577232 0.045794 0.998942 -0.004333 92.587494 0.177436 -0.003865 0.984125 1.013501 0.000000 0.000000 0.000000 1.000000
0.980857 -0.051666 -0.187751 0.765132 0.050775 0.998664 -0.009555 92.229683 0.187994 -0.000161 0.982170 1.263528 0.000000 0.000000 0.000000 1.000000
0.979441 -0.048843 -0.195728 0.949591 0.046670 0.998787 -0.015701 91.424255 0.196257 0.006243 0.980533 1.447242 0.000000 0.000000 0.000000 1.000000
0.978539 -0.042490 -0.201635 1.155805 0.038987 0.999012 -0.021314 90.383049 0.202342 0.012996 0.979229 1.562664 0.000000 0.000000 0.000000 1.000000
0.977061 -0.039099 -0.209340 1.400387 0.034919 0.999111 -0.023629 89.362450 0.210078 0.015777 0.977557 1.629414 0.000000 0.000000 0.000000 1.000000
0.973404 -0.043620 -0.224906 1.750780 0.040276 0.999000 -0.019437 88.541092 0.225529 0.009862 0.974187 1.711291 0.000000 0.000000 0.000000 1.000000
0.965972 -0.055871 -0.252539 2.249211 0.055410 0.998424 -0.008942 87.984200 0.252640 -0.005355 0.967545 1.854447 0.000000 0.000000 0.000000 1.000000
0.953949 -0.069872 -0.291718 2.791910 0.073796 0.997270 0.002455 87.721214 0.290750 -0.023870 0.956501 2.008266 0.000000 0.000000 0.000000 1.000000
0.938965 -0.078511 -0.334934 3.300181 0.086618 0.996198 0.009311 87.793869 0.332929 -0.037754 0.942196 2.115377 0.000000 0.000000 0.000000 1.000000
0.926691 -0.078250 -0.367587 3.678597 0.088707 0.995990 0.011610 88.219124 0.365205 -0.043367 0.929917 2.215396 0.000000 0.000000 0.000000 1.000000
0.923633 -0.069158 -0.376986 3.868737 0.079831 0.996727 0.012739 88.951012 0.374871 -0.041861 0.926131 2.374573 0.000000 0.000000 0.000000 1.000000
0.929962 -0.054152 -0.363646 3.919256 0.063774 0.997859 0.014496 89.834328 0.362082 -0.036672 0.931424 2.518489 0.000000 0.000000 0.000000 1.000000
0.940133 -0.036828 -0.338813 3.914065 0.044997 0.998854 0.016282 90.757820 0.337825 -0.030553 0.940713 2.622728 0.000000 0.000000 0.000000 1.000000
0.949356 -0.020197 -0.313554 3.882137 0.026738 0.999505 0.016573 91.606033 0.313064 -0.024118 0.949426 2.723056 0.000000 0.000000 0.000000 1.000000
0.955978 -0.007114 -0.293352 3.808275 0.011626 0.999839 0.013639 92.221397 0.293208 -0.016449 0.955907 2.786609 0.000000 0.000000 0.000000 1.000000
0.960517 0.000612 -0.278221 3.671400 0.001236 0.999978 0.006468 92.453491 0.278219 -0.006556 0.960495 2.816039 0.000000 0.000000 0.000000 1.000000
0.964290 0.003348 -0.264829 3.472665 -0.004634 0.999980 -0.004231 92.259277 0.264809 0.005308 0.964286 2.801500 0.000000 0.000000 0.000000 1.000000
0.968227 0.002766 -0.250056 3.244301 -0.007126 0.999838 -0.016531 91.719200 0.249970 0.017787 0.968090 2.706537 0.000000 0.000000 0.000000 1.000000
0.972402 0.000908 -0.233311 3.026427 -0.007686 0.999574 -0.028141 91.001495 0.233186 0.029158 0.971995 2.489814 0.000000 0.000000 0.000000 1.000000
0.976506 -0.000151 -0.215492 2.782341 -0.007884 0.999305 -0.036428 90.225822 0.215348 0.037271 0.975826 2.337386 0.000000 0.000000 0.000000 1.000000
0.980346 0.001292 -0.197284 2.484702 -0.009216 0.999187 -0.039253 89.423462 0.197073 0.040300 0.979560 2.474894 0.000000 0.000000 0.000000 1.000000
0.983807 0.004998 -0.179163 2.133885 -0.011796 0.999250 -0.036894 88.575653 0.178844 0.038410 0.983127 2.993136 0.000000 0.000000 0.000000 1.000000
0.986608 0.009489 -0.162833 1.787133 -0.014891 0.999377 -0.031983 87.837723 0.162428 0.033979 0.986135 3.588659 0.000000 0.000000 0.000000 1.000000
0.988486 0.013260 -0.150732 1.491339 -0.017515 0.999484 -0.026941 87.412231 0.150297 0.029271 0.988207 3.902590 0.000000 0.000000 0.000000 1.000000
0.989445 0.015910 -0.144035 1.256826 -0.019327 0.999563 -0.022351 87.377495 0.143616 0.024899 0.989320 3.760949 0.000000 0.000000 0.000000 1.000000
0.989750 0.017889 -0.141688 1.069411 -0.020609 0.999630 -0.017753 87.657600 0.141318 0.020491 0.989752 3.291240 0.000000 0.000000 0.000000 1.000000
0.989764 0.019292 -0.141403 0.905465 -0.021346 0.999687 -0.013019 88.131676 0.141108 0.015904 0.989866 2.735557 0.000000 0.000000 0.000000 1.000000
0.989734 0.020528 -0.141442 0.736947 -0.021955 0.999723 -0.008535 88.716324 0.141227 0.011553 0.989910 2.143643 0.000000 0.000000 0.000000 1.000000
0.989670 0.021345 -0.141765 0.567292 -0.022215 0.999743 -0.004558 89.425858 0.141631 0.007660 0.989890 1.612314 0.000000 0.000000 0.000000 1.000000
0.989583 0.021859 -0.142295 0.391751 -0.022220 0.999753 -0.000948 90.230713 0.142239 0.004100 0.989824 0.966043 0.000000 0.000000 0.000000 1.000000
0.989466 0.022544 -0.142999 0.226641 -0.022402 0.999746 0.002606 91.060471 0.143021 0.000625 0.989719 0.244540 0.000000 0.000000 0.000000 1.000000</float_array>
        <technique_common>
          <accessor source="#mixamorig_Hips-Matrix-animation-output-transform-array" count="34" stride="16">
            <param type="float4x4"/>
          </accessor>
        </technique_common>
      </source>
      <source id="mixamorig_Hips-Interpolations">
        <Name_array id="mixamorig_Hips-Interpolations-array" count="34">
 LINEAR LINEAR LINEAR LINEAR LINEAR LINEAR LINEAR LINEAR LINEAR LINEAR LINEAR
LINEAR LINEAR LINEAR LINEAR LINEAR LINEAR LINEAR LINEAR LINEAR LINEAR LINEAR LINEAR
LINEAR LINEAR LINEAR LINEAR LINEAR LINEAR LINEAR LINEAR LINEAR LINEAR LINEAR</Name_array>
        <technique_common>
          <accessor source="#mixamorig_Hips-Interpolations-array" count="34">
            <param type="name"/>
          </accessor>
        </technique_common>
      </source>
      <sampler id="mixamorig_Hips-Matrix-animation-transform">
        <input semantic="INPUT" source="#mixamorig_Hips-Matrix-animation-input"/>
        <input semantic="OUTPUT" source="#mixamorig_Hips-Matrix-animation-output-transform"/>
        <input semantic="INTERPOLATION" source="#mixamorig_Hips-Interpolations"/>
      </sampler>
      <channel source="#mixamorig_Hips-Matrix-animation-transform" target="mixamorig_Hips/matrix"/>
    </animation>
    <animation id="mixamorig_Spine-anim" name="mixamorig_Spine">
      <source id="mixamorig_Spine-Matrix-animation-input">
        <float_array id="mixamorig_Spine-Matrix-animation-input-array" count="34">

0.000000 0.033333 0.066667 0.100000 0.133333 0.166667 0.200000 0.233333 0.266667 0.300000 0.333333 0.366667 0.400000 0.433333 0.466667 0.500000
0.533333 0.566667 0.600000 0.633333 0.666667 0.700000 0.733333 0.766667 0.800000 0.833333 0.866667 0.900000 0.933333 0.966667 1.000000 1.033333
1.066667 1.100000</float_array>
        <technique_common>
          <accessor source="#mixamorig_Spine-Matrix-animation-input-array" count="34">
            <param name="TIME" type="float"/>
          </accessor>
        </technique_common>
      </source>
      <source id="mixamorig_Spine-Matrix-animation-output-transform">
        <float_array id="mixamorig_Spine-Matrix-animation-output-transform-array" count="544">

0.999907 -0.013649 -0.000455 0.000000 0.013651 0.997960 0.062373 10.871300 -0.000397 -0.062374 0.998053 -0.951400 0.000000 0.000000 0.000000 1.000000
0.999975 -0.006437 0.002753 0.000000 0.006244 0.997842 0.065365 10.871300 -0.003168 -0.065346 0.997858 -0.951400 0.000000 0.000000 0.000000 1.000000
0.999983 -0.000443 0.005731 0.000000 0.000051 0.997668 0.068249 10.871300 -0.005748 -0.068248 0.997652 -0.951400 0.000000 0.000000 0.000000 1.000000
0.999958 0.003616 0.008390 0.000000 -0.004205 0.997448 0.071269 10.871300 -0.008111 -0.071301 0.997422 -0.951400 0.000000 0.000000 0.000000 1.000000
0.999937 0.005224 0.009984 -0.000000 -0.005953 0.997203 0.074506 10.871300 -0.009567 -0.074561 0.997171 -0.951400 0.000000 0.000000 0.000000 1.000000
0.999939 0.004972 0.009892 0.000000 -0.005723 0.996984 0.077399 10.871300 -0.009478 -0.077451 0.996951 -0.951400 0.000000 0.000000 0.000000 1.000000
0.999956 0.004383 0.008305 0.000000 -0.005024 0.996875 0.078835 10.871300 -0.007933 -0.078873 0.996853 -0.951400 0.000000 0.000000 0.000000 1.000000
0.999966 0.004869 0.006636 0.000000 -0.005372 0.996939 0.077999 10.871300 -0.006236 -0.078032 0.996931 -0.951400 0.000000 0.000000 0.000000 1.000000
0.999956 0.006740 0.006540 -0.000000 -0.007212 0.997155 0.075027 10.871300 -0.006015 -0.075071 0.997160 -0.951400 0.000000 0.000000 0.000000 1.000000
0.999920 0.009222 0.008668 0.000000 -0.009814 0.997433 0.070934 10.871300 -0.007992 -0.071013 0.997443 -0.951400 0.000000 0.000000 0.000000 1.000000
0.999861 0.011087 0.012468 0.000000 -0.011900 0.997674 0.067113 10.871300 -0.011695 -0.067252 0.997667 -0.951400 0.000000 0.000000 0.000000 1.000000
0.999800 0.011337 0.016447 0.000000 -0.012377 0.997836 0.064571 10.871300 -0.015680 -0.064762 0.997778 -0.951400 0.000000 0.000000 0.000000 1.000000
0.999782 0.009570 0.018569 -0.000000 -0.010733 0.997921 0.063549 10.871300 -0.017922 -0.063734 0.997806 -0.951400 0.000000 0.000000 0.000000 1.000000
0.999839 0.005572 0.017077 0.000000 -0.006652 0.997938 0.063838 10.871300 -0.016686 -0.063941 0.997814 -0.951400 0.000000 0.000000 0.000000 1.000000
0.999927 0.000238 0.012066 -0.000000 -0.001022 0.997882 0.065041 10.871300 -0.012025 -0.065049 0.997810 -0.951400 0.000000 0.000000 0.000000 1.000000
0.999972 -0.005190 0.005360 0.000000 0.004822 0.997764 0.066667 10.871300 -0.005694 -0.066640 0.997761 -0.951400 0.000000 0.000000 0.000000 1.000000
0.999948 -0.010082 -0.001325 0.000000 0.010149 0.997607 0.068393 10.871300 0.000633 -0.068403 0.997658 -0.951400 0.000000 0.000000 0.000000 1.000000
0.999878 -0.013979 -0.006959 -0.000000 0.014434 0.997428 0.070202 10.871300 0.005960 -0.070294 0.997508 -0.951400 0.000000 0.000000 0.000000 1.000000
0.999802 -0.016544 -0.011031 0.000000 0.017299 0.997237 0.072240 10.871300 0.009806 -0.072417 0.997326 -0.951400 0.000000 0.000000 0.000000 1.000000
0.999749 -0.017783 -0.013632 0.000000 0.018751 0.997041 0.074543 10.871300 0.012266 -0.074780 0.997125 -0.951400 0.000000 0.000000 0.000000 1.000000
0.999723 -0.017907 -0.015301 0.000000 0.019033 0.996854 0.076939 10.871300 0.013876 -0.077208 0.996918 -0.951400 0.000000 0.000000 0.000000 1.000000
0.999712 -0.017337 -0.016622 -0.000000 0.018601 0.996690 0.079138 10.871300 0.015195 -0.079425 0.996725 -0.951400 0.000000 0.000000 0.000000 1.000000
0.999700 -0.016571 -0.018022 0.000000 0.017976 0.996570 0.080781 10.871300 0.016622 -0.081081 0.996569 -0.951400 0.000000 0.000000 0.000000 1.000000
0.999671 -0.016406 -0.019697 0.000000 0.017958 0.996517 0.081433 10.871300 0.018293 -0.081760 0.996484 -0.951400 0.000000 0.000000 0.000000 1.000000
0.999626 -0.016929 -0.021488 0.000000 0.018615 0.996554 0.080825 10.871300 0.020046 -0.081195 0.996497 -0.951400 0.000000 0.000000 0.000000 1.000000
0.999588 -0.017761 -0.022543 0.000000 0.019495 0.996671 0.079157 10.871300 0.021062 -0.079564 0.996607 -0.951400 0.000000 0.000000 0.000000 1.000000
0.999590 -0.018219 -0.022068 -0.000000 0.019869 0.996833 0.077007 10.871300 0.020595 -0.077414 0.996786 -0.951400 0.000000 0.000000 0.000000 1.000000
0.999633 -0.018104 -0.020138 -0.000000 0.019564 0.997004 0.074837 10.871300 0.018723 -0.075203 0.996992 -0.951400 0.000000 0.000000 0.000000 1.000000
0.999693 -0.017701 -0.017325 0.000000 0.018917 0.997171 0.072747 10.871300 0.015989 -0.073053 0.997200 -0.951400 0.000000 0.000000 0.000000 1.000000
0.999758 -0.016914 -0.014036 0.000000 0.017865 0.997339 0.070676 10.871300 0.012803 -0.070910 0.997401 -0.951400 0.000000 0.000000 0.000000 1.000000
0.999814 -0.016123 -0.010564 0.000000 0.016811 0.997504 0.068585 10.871300 0.009432 -0.068750 0.997589 -0.951400 0.000000 0.000000 0.000000 1.000000
0.999861 -0.015187 -0.006840 0.000000 0.015609 0.997665 0.066495 10.871300 0.005814 -0.066593 0.997763 -0.951400 0.000000 0.000000 0.000000 1.000000
0.999893 -0.014235 -0.003426 -0.000000 0.014426 0.997818 0.064425 10.871300 0.002502 -0.064468 0.997917 -0.951400 0.000000 0.000000 0.000000 1.000000
0.999907 -0.013650 -0.000456 0.000000 0.013652 0.997960 0.062373 10.871300 -0.000397 -0.062373 0.998053 -0.951400 0.000000 0.000000 0.000000 1.000000</float_array>
        <technique_common>
          <accessor source="#mixamorig_Spine-Matrix-animation-output-transform-array" count="34" stride="16">
            <param type="float4x4"/>
          </accessor>
        </technique_common>
      </source>
      <source id="mixamorig_Spine-Interpolations">
        <Name_array id="mixamorig_Spine-Interpolations-array" count="34">
 LINEAR LINEAR LINEAR LINEAR LINEAR LINEAR LINEAR LINEAR LINEAR LINEAR LINEAR
LINEAR LINEAR LINEAR LINEAR LINEAR LINEAR LINEAR LINEAR LINEAR LINEAR LINEAR LINEAR
LINEAR LINEAR LINEAR LINEAR LINEAR LINEAR LINEAR LINEAR LINEAR LINEAR LINEAR</Name_array>
        <technique_common>
          <accessor source="#mixamorig_Spine-Interpolations-array" count="34">
            <param type="name"/>
          </accessor>
        </technique_common>
      </source>
      <sampler id="mixamorig_Spine-Matrix-animation-transform">
        <input semantic="INPUT" source="#mixamorig_Spine-Matrix-animation-input"/>
        <input semantic="OUTPUT" source="#mixamorig_Spine-Matrix-animation-output-transform"/>
        <input semantic="INTERPOLATION" source="#mixamorig_Spine-Interpolations"/>
      </sampler>
      <channel source="#mixamorig_Spine-Matrix-animation-transform" target="mixamorig_Spine/matrix"/>
    </animation>
    <animation id="mixamorig_Spine1-anim" name="mixamorig_Spine1">
      <source id="mixamorig_Spine1-Matrix-animation-input">
        <float_array id="mixamorig_Spine1-Matrix-animation-input-array" count="34">

0.000000 0.033333 0.066667 0.100000 0.133333 0.166667 0.200000 0.233333 0.266667 0.300000 0.333333 0.366667 0.400000 0.433333 0.466667 0.500000
0.533333 0.566667 0.600000 0.633333 0.666667 0.700000 0.733333 0.766667 0.800000 0.833333 0.866667 0.900000 0.933333 0.966667 1.000000 1.033333
1.066667 1.100000</float_array>
        <technique_common>
          <accessor source="#mixamorig_Spine1-Matrix-animation-input-array" count="34">
            <param name="TIME" type="float"/>
          </accessor>
        </technique_common>
      </source>
      <source id="mixamorig_Spine1-Matrix-animation-output-transform">
        <float_array id="mixamorig_Spine1-Matrix-animation-output-transform-array" count="544">

0.999539 -0.030325 -0.001511 0.000000 0.030213 0.998305 -0.049750 12.731600 0.003017 0.049681 0.998761 0.000000 0.000000 0.000000 0.000000 1.000000
0.999873 -0.015044 0.005273 0.000000 0.015260 0.998927 -0.043722 12.731600 -0.004610 0.043797 0.999030 0.000000 0.000000 0.000000 0.000000 1.000000
0.999932 -0.001535 0.011580 0.000000 0.001974 0.999277 -0.037963 12.731600 -0.011514 0.037984 0.999212 0.000000 0.000000 0.000000 0.000000 1.000000
0.999827 0.007806 0.016908 0.000000 -0.007263 0.999463 -0.031957 12.731600 -0.017148 0.031829 0.999346 -0.000000 0.000000 0.000000 0.000000 1.000000
0.999732 0.011530 0.020081 0.000000 -0.011016 0.999614 -0.025498 12.731600 -0.020367 0.025270 0.999473 0.000000 0.000000 0.000000 0.000000 1.000000
0.999742 0.011011 0.019865 -0.000000 -0.010619 0.999750 -0.019694 12.731600 -0.020077 0.019478 0.999609 0.000000 0.000000 0.000000 0.000000 1.000000
0.999814 0.009730 0.016678 0.000000 -0.009450 0.999814 -0.016801 12.731600 -0.016838 0.016640 0.999720 0.000000 0.000000 0.000000 0.000000 1.000000
0.999853 0.010741 0.013348 0.000000 -0.010494 0.999774 -0.018474 12.731600 -0.013543 0.018331 0.999740 0.000000 0.000000 0.000000 0.000000 1.000000
0.999803 0.014827 0.013188 0.000000 -0.014502 0.999596 -0.024450 12.731600 -0.013546 0.024254 0.999614 0.000000 0.000000 0.000000 0.000000 1.000000
0.999636 0.020476 0.017570 -0.000000 -0.019893 0.999267 -0.032702 12.731600 -0.018227 0.032340 0.999311 0.000000 0.000000 0.000000 0.000000 1.000000
0.999363 0.025081 0.025388 0.000000 -0.024042 0.998893 -0.040434 12.731600 -0.026374 0.039798 0.998860 0.000000 0.000000 0.000000 0.000000 1.000000
0.999082 0.026488 0.033671 0.000000 -0.024940 0.998649 -0.045597 12.731600 -0.034833 0.044715 0.998392 0.000000 0.000000 0.000000 0.000000 1.000000
0.998988 0.023692 0.038238 0.000000 -0.021859 0.998625 -0.047658 12.731600 -0.039314 0.046774 0.998132 -0.000000 0.000000 0.000000 0.000000 1.000000
0.999226 0.016726 0.035614 0.000000 -0.015042 0.998780 -0.047024 12.731600 -0.036357 0.046452 0.998259 0.000000 0.000000 0.000000 0.000000 1.000000
0.999642 0.006832 0.025877 -0.000000 -0.005675 0.998992 -0.044519 12.731600 -0.026155 0.044356 0.998673 0.000000 0.000000 0.000000 0.000000 1.000000
0.999915 -0.003963 0.012388 0.000000 0.004470 0.999142 -0.041183 12.731600 -0.012214 0.041235 0.999075 0.000000 0.000000 0.000000 0.000000 1.000000
0.999900 -0.014096 -0.001336 0.000000 0.014036 0.999190 -0.037705 12.731600 0.001866 0.037683 0.999288 -0.000000 0.000000 0.000000 0.000000 1.000000
0.999656 -0.022733 -0.013065 0.000000 0.022276 0.999170 -0.034112 12.731600 0.013830 0.033809 0.999333 -0.000000 0.000000 0.000000 0.000000 1.000000
0.999339 -0.029218 -0.021628 0.000000 0.028561 0.999139 -0.030092 12.731600 0.022488 0.029454 0.999313 0.000000 0.000000 0.000000 0.000000 1.000000
0.999090 -0.033007 -0.026996 0.000000 0.032319 0.999151 -0.025537 12.731600 0.027816 0.024642 0.999309 0.000000 0.000000 0.000000 0.000000 1.000000
0.998960 -0.034144 -0.030212 0.000000 0.033524 0.999222 -0.020771 12.731600 0.030898 0.019737 0.999328 0.000000 0.000000 0.000000 0.000000 1.000000
0.998905 -0.033572 -0.032591 0.000000 0.033052 0.999319 -0.016378 12.731600 0.033119 0.015283 0.999335 0.000000 0.000000 0.000000 0.000000 1.000000
0.998845 -0.032802 -0.035099 0.000000 0.032359 0.999390 -0.013102 12.731600 0.035508 0.011951 0.999298 0.000000 0.000000 0.000000 0.000000 1.000000
0.998720 -0.033108 -0.038250 0.000000 0.032677 0.999396 -0.011827 12.731600 0.038618 0.010562 0.999198 0.000000 0.000000 0.000000 0.000000 1.000000
0.998528 -0.034740 -0.041655 0.000000 0.034222 0.999328 -0.013096 12.731600 0.042082 0.011651 0.999046 0.000000 0.000000 0.000000 0.000000 1.000000
0.998368 -0.036715 -0.043734 -0.000000 0.036024 0.999215 -0.016482 12.731600 0.044305 0.014879 0.998907 0.000000 0.000000 0.000000 0.000000 1.000000
0.998367 -0.037727 -0.042893 0.000000 0.036861 0.999104 -0.020798 12.731600 0.043639 0.019183 0.998863 0.000000 0.000000 0.000000 0.000000 1.000000
0.998534 -0.037397 -0.039133 0.000000 0.036431 0.999021 -0.025115 12.731600 0.040034 0.023652 0.998918 0.000000 0.000000 0.000000 0.000000 1.000000
0.998775 -0.036263 -0.033660 0.000000 0.035284 0.998949 -0.029245 12.731600 0.034685 0.028022 0.999005 0.000000 0.000000 0.000000 0.000000 1.000000
0.999014 -0.034905 -0.027436 0.000000 0.033984 0.998866 -0.033342 12.731600 0.028569 0.032377 0.999067 0.000000 0.000000 0.000000 0.000000 1.000000
0.999220 -0.033559 -0.020838 0.000000 0.032762 0.998760 -0.037477 12.731600 0.022069 0.036765 0.999080 0.000000 0.000000 0.000000 0.000000 1.000000
0.999379 -0.032297 -0.014117 0.000000 0.031685 0.998632 -0.041607 12.731600 0.015442 0.041134 0.999034 0.000000 0.000000 0.000000 0.000000 1.000000
0.999484 -0.031198 -0.007595 0.000000 0.030819 0.998480 -0.045697 12.731600 0.009009 0.045439 0.998926 -0.000000 0.000000 0.000000 0.000000 1.000000
0.999539 -0.030326 -0.001511 -0.000000 0.030213 0.998305 -0.049751 12.731600 0.003018 0.049682 0.998761 0.000000 0.000000 0.000000 0.000000 1.000000</float_array>
        <technique_common>
          <accessor source="#mixamorig_Spine1-Matrix-animation-output-transform-array" count="34" stride="16">
            <param type="float4x4"/>
          </accessor>
        </technique_common>
      </source>
      <source id="mixamorig_Spine1-Interpolations">
        <Name_array id="mixamorig_Spine1-Interpolations-array" count="34">
 LINEAR LINEAR LINEAR LINEAR LINEAR LINEAR LINEAR LINEAR LINEAR LINEAR LINEAR
LINEAR LINEAR LINEAR LINEAR LINEAR LINEAR LINEAR LINEAR LINEAR LINEAR LINEAR LINEAR
LINEAR LINEAR LINEAR LINEAR LINEAR LINEAR LINEAR LINEAR LINEAR LINEAR LINEAR</Name_array>
        <technique_common>
          <accessor source="#mixamorig_Spine1-Interpolations-array" count="34">
            <param type="name"/>
          </accessor>
        </technique_common>
      </source>
      <sampler id="mixamorig_Spine1-Matrix-animation-transform">
        <input semantic="INPUT" source="#mixamorig_Spine1-Matrix-animation-input"/>
        <input semantic="OUTPUT" source="#mixamorig_Spine1-Matrix-animation-output-transform"/>
        <input semantic="INTERPOLATION" source="#mixamorig_Spine1-Interpolations"/>
      </sampler>
      <channel source="#mixamorig_Spine1-Matrix-animation-transform" target="mixamorig_Spine1/matrix"/>
    </animation>
    <animation id="mixamorig_Spine2-anim" name="mixamorig_Spine2">
      <source id="mixamorig_Spine2-Matrix-animation-input">
        <float_array id="mixamorig_Spine2-Matrix-animation-input-array" count="34">

0.000000 0.033333 0.066667 0.100000 0.133333 0.166667 0.200000 0.233333 0.266667 0.300000 0.333333 0.366667 0.400000 0.433333 0.466667 0.500000
0.533333 0.566667 0.600000 0.633333 0.666667 0.700000 0.733333 0.766667 0.800000 0.833333 0.866667 0.900000 0.933333 0.966667 1.000000 1.033333
1.066667 1.100000</float_array>
        <technique_common>
          <accessor source="#mixamorig_Spine2-Matrix-animation-input-array" count="34">
            <param name="TIME" type="float"/>
          </accessor>
        </technique_common>
      </source>
      <source id="mixamorig_Spine2-Matrix-animation-output-transform">
        <float_array id="mixamorig_Spine2-Matrix-animation-output-transform-array" count="544">

0.999539 -0.030325 -0.001511 0.000000 0.030213 0.998305 -0.049750 14.550400 0.003017 0.049681 0.998761 0.000000 0.000000 0.000000 0.000000 1.000000
0.999873 -0.015044 0.005273 0.000000 0.015260 0.998927 -0.043722 14.550400 -0.004610 0.043797 0.999030 0.000000 0.000000 0.000000 0.000000 1.000000
0.999932 -0.001535 0.011580 0.000000 0.001974 0.999277 -0.037963 14.550400 -0.011514 0.037984 0.999212 0.000000 0.000000 0.000000 0.000000 1.000000
0.999827 0.007806 0.016908 -0.000000 -0.007263 0.999463 -0.031957 14.550400 -0.017148 0.031829 0.999346 0.000000 0.000000 0.000000 0.000000 1.000000
0.999732 0.011530 0.020081 -0.000000 -0.011016 0.999614 -0.025498 14.550400 -0.020367 0.025270 0.999473 0.000000 0.000000 0.000000 0.000000 1.000000
0.999742 0.011011 0.019865 0.000000 -0.010619 0.999750 -0.019694 14.550400 -0.020077 0.019478 0.999609 0.000000 0.000000 0.000000 0.000000 1.000000
0.999814 0.009730 0.016678 0.000000 -0.009450 0.999814 -0.016801 14.550400 -0.016839 0.016640 0.999720 0.000000 0.000000 0.000000 0.000000 1.000000
0.999853 0.010741 0.013348 0.000000 -0.010494 0.999774 -0.018474 14.550400 -0.013543 0.018331 0.999740 0.000000 0.000000 0.000000 0.000000 1.000000
0.999803 0.014827 0.013188 -0.000000 -0.014502 0.999596 -0.024450 14.550400 -0.013545 0.024254 0.999614 0.000000 0.000000 0.000000 0.000000 1.000000
0.999636 0.020476 0.017570 -0.000000 -0.019893 0.999267 -0.032702 14.550400 -0.018227 0.032340 0.999311 0.000000 0.000000 0.000000 0.000000 1.000000
0.999363 0.025081 0.025388 0.000000 -0.024042 0.998893 -0.040434 14.550400 -0.026374 0.039798 0.998860 0.000000 0.000000 0.000000 0.000000 1.000000
0.999082 0.026488 0.033671 0.000000 -0.024940 0.998649 -0.045597 14.550400 -0.034833 0.044715 0.998392 -0.000000 0.000000 0.000000 0.000000 1.000000
0.998988 0.023692 0.038238 -0.000000 -0.021859 0.998625 -0.047658 14.550400 -0.039314 0.046774 0.998132 -0.000000 0.000000 0.000000 0.000000 1.000000
0.999226 0.016726 0.035614 0.000000 -0.015042 0.998780 -0.047024 14.550400 -0.036357 0.046452 0.998259 -0.000000 0.000000 0.000000 0.000000 1.000000
0.999642 0.006832 0.025877 0.000000 -0.005676 0.998992 -0.044519 14.550400 -0.026155 0.044356 0.998673 0.000000 0.000000 0.000000 0.000000 1.000000
0.999915 -0.003963 0.012388 0.000000 0.004470 0.999142 -0.041183 14.550400 -0.012214 0.041235 0.999075 -0.000000 0.000000 0.000000 0.000000 1.000000
0.999900 -0.014096 -0.001336 0.000000 0.014036 0.999190 -0.037705 14.550400 0.001866 0.037683 0.999288 0.000000 0.000000 0.000000 0.000000 1.000000
0.999656 -0.022733 -0.013065 -0.000000 0.022276 0.999170 -0.034112 14.550400 0.013830 0.033809 0.999333 -0.000000 0.000000 0.000000 0.000000 1.000000
0.999339 -0.029218 -0.021627 -0.000000 0.028561 0.999139 -0.030092 14.550400 0.022488 0.029454 0.999313 -0.000000 0.000000 0.000000 0.000000 1.000000
0.999090 -0.033007 -0.026995 -0.000000 0.032319 0.999151 -0.025537 14.550400 0.027815 0.024642 0.999309 0.000000 0.000000 0.000000 0.000000 1.000000
0.998960 -0.034144 -0.030212 0.000000 0.033524 0.999222 -0.020771 14.550400 0.030898 0.019737 0.999328 0.000000 0.000000 0.000000 0.000000 1.000000
0.998905 -0.033572 -0.032591 -0.000000 0.033052 0.999319 -0.016378 14.550400 0.033119 0.015283 0.999335 -0.000000 0.000000 0.000000 0.000000 1.000000
0.998845 -0.032802 -0.035099 0.000000 0.032359 0.999390 -0.013102 14.550400 0.035508 0.011951 0.999298 0.000000 0.000000 0.000000 0.000000 1.000000
0.998720 -0.033108 -0.038249 0.000000 0.032677 0.999396 -0.011827 14.550400 0.038618 0.010562 0.999198 0.000000 0.000000 0.000000 0.000000 1.000000
0.998528 -0.034740 -0.041655 0.000000 0.034222 0.999328 -0.013096 14.550400 0.042082 0.011651 0.999046 -0.000000 0.000000 0.000000 0.000000 1.000000
0.998368 -0.036715 -0.043734 -0.000000 0.036024 0.999215 -0.016482 14.550400 0.044305 0.014879 0.998907 -0.000000 0.000000 0.000000 0.000000 1.000000
0.998367 -0.037727 -0.042893 0.000000 0.036861 0.999104 -0.020798 14.550400 0.043640 0.019183 0.998863 0.000000 0.000000 0.000000 0.000000 1.000000
0.998534 -0.037397 -0.039133 0.000000 0.036431 0.999021 -0.025115 14.550400 0.040034 0.023652 0.998918 0.000000 0.000000 0.000000 0.000000 1.000000
0.998775 -0.036263 -0.033660 -0.000000 0.035284 0.998949 -0.029245 14.550400 0.034685 0.028022 0.999005 0.000000 0.000000 0.000000 0.000000 1.000000
0.999014 -0.034905 -0.027436 0.000000 0.033984 0.998866 -0.033342 14.550400 0.028569 0.032377 0.999067 0.000000 0.000000 0.000000 0.000000 1.000000
0.999220 -0.033559 -0.020838 0.000000 0.032762 0.998760 -0.037477 14.550400 0.022069 0.036765 0.999080 0.000000 0.000000 0.000000 0.000000 1.000000
0.999379 -0.032297 -0.014117 0.000000 0.031685 0.998632 -0.041607 14.550400 0.015442 0.041134 0.999034 0.000000 0.000000 0.000000 0.000000 1.000000
0.999484 -0.031198 -0.007595 0.000000 0.030819 0.998480 -0.045697 14.550400 0.009009 0.045439 0.998926 0.000000 0.000000 0.000000 0.000000 1.000000
0.999539 -0.030326 -0.001511 0.000000 0.030213 0.998305 -0.049751 14.550400 0.003018 0.049682 0.998761 0.000000 0.000000 0.000000 0.000000 1.000000</float_array>
        <technique_common>
          <accessor source="#mixamorig_Spine2-Matrix-animation-output-transform-array" count="34" stride="16">
            <param type="float4x4"/>
          </accessor>
        </technique_common>
      </source>
      <source id="mixamorig_Spine2-Interpolations">
        <Name_array id="mixamorig_Spine2-Interpolations-array" count="34">
 LINEAR LINEAR LINEAR LINEAR LINEAR LINEAR LINEAR LINEAR LINEAR LINEAR LINEAR
LINEAR LINEAR LINEAR LINEAR LINEAR LINEAR LINEAR LINEAR LINEAR LINEAR LINEAR LINEAR
LINEAR LINEAR LINEAR LINEAR LINEAR LINEAR LINEAR LINEAR LINEAR LINEAR LINEAR</Name_array>
        <technique_common>
          <accessor source="#mixamorig_Spine2-Interpolations-array" count="34">
            <param type="name"/>
          </accessor>
        </technique_common>
      </source>
      <sampler id="mixamorig_Spine2-Matrix-animation-transform">
        <input semantic="INPUT" source="#mixamorig_Spine2-Matrix-animation-input"/>
        <input semantic="OUTPUT" source="#mixamorig_Spine2-Matrix-animation-output-transform"/>
        <input semantic="INTERPOLATION" source="#mixamorig_Spine2-Interpolations"/>
      </sampler>
      <channel source="#mixamorig_Spine2-Matrix-animation-transform" target="mixamorig_Spine2/matrix"/>
    </animation>
    <animation id="mixamorig_Neck-anim" name="mixamorig_Neck">
      <source id="mixamorig_Neck-Matrix-animation-input">
        <float_array id="mixamorig_Neck-Matrix-animation-input-array" count="34">

0.000000 0.033333 0.066667 0.100000 0.133333 0.166667 0.200000 0.233333 0.266667 0.300000 0.333333 0.366667 0.400000 0.433333 0.466667 0.500000
0.533333 0.566667 0.600000 0.633333 0.666667 0.700000 0.733333 0.766667 0.800000 0.833333 0.866667 0.900000 0.933333 0.966667 1.000000 1.033333
1.066667 1.100000</float_array>
        <technique_common>
          <accessor source="#mixamorig_Neck-Matrix-animation-input-array" count="34">
            <param name="TIME" type="float"/>
          </accessor>
        </technique_common>
      </source>
      <source id="mixamorig_Neck-Matrix-animation-output-transform">
        <float_array id="mixamorig_Neck-Matrix-animation-output-transform-array" count="544">

0.999018 -0.028094 -0.034273 0.000000 0.020579 0.979030 -0.202674 16.369200 0.039248 0.201770 0.978646 0.000000 0.000000 0.000000 0.000000 1.000000
0.998970 -0.026495 -0.036836 0.000000 0.017541 0.974197 -0.225018 16.369200 0.041847 0.224140 0.973658 0.000000 0.000000 0.000000 0.000000 1.000000
0.998754 -0.030162 -0.039757 0.000000 0.019642 0.969969 -0.242433 16.369200 0.045875 0.241350 0.969353 0.000000 0.000000 0.000000 0.000000 1.000000
0.998407 -0.037893 -0.041801 0.000000 0.026055 0.966825 -0.254109 16.369200 0.050043 0.252615 0.966272 -0.000000 0.000000 0.000000 0.000000 1.000000
0.998032 -0.046579 -0.041977 0.000000 0.034093 0.964962 -0.260167 16.369200 0.052624 0.258224 0.964651 0.000000 0.000000 0.000000 0.000000 1.000000
0.997803 -0.052810 -0.039993 0.000000 0.040569 0.964402 -0.261309 16.369200 0.052369 0.259113 0.964426 0.000000 0.000000 0.000000 0.000000 1.000000
0.997847 -0.055053 -0.035638 0.000000 0.044019 0.965059 -0.258308 16.369200 0.048614 0.256183 0.965405 -0.000000 0.000000 0.000000 0.000000 1.000000
0.998140 -0.053725 -0.028798 0.000000 0.044748 0.966609 -0.252319 16.369200 0.041393 0.250561 0.967216 -0.000000 0.000000 0.000000 0.000000 1.000000
0.998570 -0.049635 -0.019873 0.000000 0.043241 0.968352 -0.245816 16.369200 0.031445 0.244605 0.969113 0.000000 0.000000 0.000000 0.000000 1.000000
0.999022 -0.043175 -0.009497 0.000000 0.039602 0.969526 -0.241766 16.369200 0.019646 0.241153 0.970288 0.000000 0.000000 0.000000 0.000000 1.000000
0.999394 -0.034757 0.001765 0.000000 0.034156 0.969836 -0.241354 16.369200 0.006677 0.241268 0.970436 0.000000 0.000000 0.000000 0.000000 1.000000
0.999590 -0.025602 0.012841 0.000000 0.027958 0.969559 -0.243258 16.369200 -0.006222 0.243517 0.969877 0.000000 0.000000 0.000000 0.000000 1.000000
0.999601 -0.017626 0.022070 0.000000 0.022511 0.969106 -0.245615 16.369200 -0.017059 0.246013 0.969116 0.000000 0.000000 0.000000 0.000000 1.000000
0.999520 -0.012130 0.028507 0.000000 0.018831 0.968545 -0.248126 16.369200 -0.024601 0.248544 0.968308 0.000000 0.000000 0.000000 0.000000 1.000000
0.999424 -0.008634 0.032826 -0.000000 0.016641 0.967538 -0.252177 16.369200 -0.029584 0.252578 0.967124 0.000000 0.000000 0.000000 0.000000 1.000000
0.999325 -0.005714 0.036302 -0.000000 0.014931 0.965757 -0.259017 16.369200 -0.033579 0.259384 0.965190 0.000000 0.000000 0.000000 0.000000 1.000000
0.999209 -0.002527 0.039685 -0.000000 0.013089 0.963271 -0.268211 16.369200 -0.037549 0.268518 0.962542 -0.000000 0.000000 0.000000 0.000000 1.000000
0.999065 0.000889 0.043215 0.000000 0.011155 0.960617 -0.277651 16.369200 -0.041760 0.277873 0.959710 0.000000 0.000000 0.000000 0.000000 1.000000
0.998893 0.004245 0.046852 0.000000 0.009291 0.958507 -0.284916 16.369200 -0.046117 0.285036 0.957407 0.000000 0.000000 0.000000 0.000000 1.000000
0.998719 0.007302 0.050061 0.000000 0.007469 0.957409 -0.288638 16.369200 -0.050036 0.288642 0.956129 0.000000 0.000000 0.000000 0.000000 1.000000
0.998602 0.009713 0.051968 -0.000000 0.005710 0.957412 -0.288669 16.369200 -0.052559 0.288562 0.956017 0.000000 0.000000 0.000000 0.000000 1.000000
0.998584 0.010913 0.052057 0.000000 0.004404 0.958400 -0.285395 16.369200 -0.053006 0.285220 0.956995 -0.000000 0.000000 0.000000 0.000000 1.000000
0.998672 0.010426 0.050448 0.000000 0.004081 0.960211 -0.279246 16.369200 -0.051352 0.279081 0.958894 0.000000 0.000000 0.000000 0.000000 1.000000
0.998834 0.008313 0.047554 0.000000 0.004890 0.962572 -0.270980 16.369200 -0.048027 0.270897 0.961410 0.000000 0.000000 0.000000 0.000000 1.000000
0.999034 0.005105 0.043656 -0.000000 0.006518 0.965044 -0.262007 16.369200 -0.043468 0.262038 0.964078 -0.000000 0.000000 0.000000 0.000000 1.000000
0.999248 0.001544 0.038748 -0.000000 0.008345 0.967238 -0.253736 16.369200 -0.037871 0.253868 0.966497 0.000000 0.000000 0.000000 0.000000 1.000000
0.999468 -0.001937 0.032547 0.000000 0.009908 0.969069 -0.246590 16.369200 -0.031063 0.246781 0.968573 -0.000000 0.000000 0.000000 0.000000 1.000000
0.999677 -0.005432 0.024826 -0.000000 0.011234 0.970716 -0.239965 16.369200 -0.022796 0.240167 0.970464 0.000000 0.000000 0.000000 0.000000 1.000000
0.999834 -0.009204 0.015728 0.000000 0.012620 0.972340 -0.233230 16.369200 -0.013146 0.233390 0.972294 0.000000 0.000000 0.000000 0.000000 1.000000
0.999896 -0.013272 0.005688 0.000000 0.014215 0.973939 -0.226365 16.369200 -0.002536 0.226422 0.974026 0.000000 0.000000 0.000000 0.000000 1.000000
0.999837 -0.017400 -0.004767 0.000000 0.015928 0.975441 -0.219684 16.369200 0.008472 0.219572 0.975560 -0.000000 0.000000 0.000000 0.000000 1.000000
0.999658 -0.021334 -0.015139 -0.000000 0.017614 0.976794 -0.213456 16.369200 0.019341 0.213117 0.976835 0.000000 0.000000 0.000000 0.000000 1.000000
0.999376 -0.024918 -0.025043 0.000000 0.019178 0.977986 -0.207788 16.369200 0.029669 0.207178 0.977853 0.000000 0.000000 0.000000 0.000000 1.000000
0.999018 -0.028092 -0.034273 0.000000 0.020577 0.979031 -0.202672 16.369200 0.039248 0.201767 0.978647 0.000000 0.000000 0.000000 0.000000 1.000000</float_array>
        <technique_common>
          <accessor source="#mixamorig_Neck-Matrix-animation-output-transform-array" count="34" stride="16">
            <param type="float4x4"/>
          </accessor>
        </technique_common>
      </source>
      <source id="mixamorig_Neck-Interpolations">
        <Name_array id="mixamorig_Neck-Interpolations-array" count="34">
 LINEAR LINEAR LINEAR LINEAR LINEAR LINEAR LINEAR LINEAR LINEAR LINEAR LINEAR
LINEAR LINEAR LINEAR LINEAR LINEAR LINEAR LINEAR LINEAR LINEAR LINEAR LINEAR LINEAR
LINEAR LINEAR LINEAR LINEAR LINEAR LINEAR LINEAR LINEAR LINEAR LINEAR LINEAR</Name_array>
        <technique_common>
          <accessor source="#mixamorig_Neck-Interpolations-array" count="34">
            <param type="name"/>
          </accessor>
        </technique_common>
      </source>
      <sampler id="mixamorig_Neck-Matrix-animation-transform">
        <input semantic="INPUT" source="#mixamorig_Neck-Matrix-animation-input"/>
        <input semantic="OUTPUT" source="#mixamorig_Neck-Matrix-animation-output-transform"/>
        <input semantic="INTERPOLATION" source="#mixamorig_Neck-Interpolations"/>
      </sampler>
      <channel source="#mixamorig_Neck-Matrix-animation-transform" target="mixamorig_Neck/matrix"/>
    </animation>
    <animation id="mixamorig_Head-anim" name="mixamorig_Head">
      <source id="mixamorig_Head-Matrix-animation-input">
        <float_array id="mixamorig_Head-Matrix-animation-input-array" count="34">

0.000000 0.033333 0.066667 0.100000 0.133333 0.166667 0.200000 0.233333 0.266667 0.300000 0.333333 0.366667 0.400000 0.433333 0.466667 0.500000
0.533333 0.566667 0.600000 0.633333 0.666667 0.700000 0.733333 0.766667 0.800000 0.833333 0.866667 0.900000 0.933333 0.966667 1.000000 1.033333
1.066667 1.100000</float_array>
        <technique_common>
          <accessor source="#mixamorig_Head-Matrix-animation-input-array" count="34">
            <param name="TIME" type="float"/>
          </accessor>
        </technique_common>
      </source>
      <source id="mixamorig_Head-Matrix-animation-output-transform">
        <float_array id="mixamorig_Head-Matrix-animation-output-transform-array" count="544">

0.989219 0.039342 -0.141059 -0.000000 -0.008819 0.977494 0.210780 6.116700 0.146177 -0.207263 0.967302 2.423300 0.000000 0.000000 0.000000 1.000000
0.989665 0.036545 -0.138665 0.000000 -0.005418 0.975822 0.218502 6.116700 0.143297 -0.215492 0.965934 2.423300 0.000000 0.000000 0.000000 1.000000
0.990474 0.031168 -0.134126 -0.000000 -0.000098 0.974207 0.225658 6.116700 0.137700 -0.223495 0.964929 2.423300 0.000000 0.000000 0.000000 1.000000
0.991709 0.023871 -0.126266 -0.000000 0.005930 0.973046 0.230535 6.116700 0.128365 -0.229372 0.964837 2.423300 0.000000 0.000000 0.000000 1.000000
0.993108 0.015621 -0.116158 0.000000 0.011811 0.972694 0.231792 6.116700 0.116607 -0.231567 0.965805 2.423300 0.000000 0.000000 0.000000 1.000000
0.994193 0.007225 -0.107366 0.000000 0.017774 0.973015 0.230054 6.116700 0.106131 -0.230627 0.967237 2.423300 0.000000 0.000000 0.000000 1.000000
0.994703 -0.001042 -0.102788 0.000000 0.024631 0.973234 0.228494 6.116700 0.099798 -0.229815 0.968104 2.423300 0.000000 0.000000 0.000000 1.000000
0.994713 -0.008423 -0.102343 -0.000000 0.032041 0.972331 0.231399 6.116700 0.097563 -0.233455 0.967461 2.423300 0.000000 0.000000 0.000000 1.000000
0.994585 -0.012120 -0.103216 0.000000 0.036802 0.969895 0.240728 6.116700 0.097191 -0.243223 0.965089 2.423300 0.000000 0.000000 0.000000 1.000000
0.994845 -0.008376 -0.101062 0.000000 0.033883 0.966764 0.253414 6.116700 0.095580 -0.255532 0.962064 2.423300 0.000000 0.000000 0.000000 1.000000
0.995706 0.003620 -0.092500 0.000000 0.020954 0.964485 0.263305 6.116700 0.090168 -0.264113 0.960268 2.423300 0.000000 0.000000 0.000000 1.000000
0.996717 0.019856 -0.078486 0.000000 0.001802 0.963774 0.266713 6.116700 0.080938 -0.265979 0.960575 2.423300 0.000000 0.000000 0.000000 1.000000
0.997309 0.034539 -0.064671 0.000000 -0.016198 0.964084 0.265105 6.116700 0.071505 -0.263344 0.962048 2.423300 0.000000 0.000000 0.000000 1.000000
0.997384 0.044542 -0.056927 0.000000 -0.028146 0.964734 0.261717 6.116700 0.066577 -0.259430 0.963464 2.423300 0.000000 0.000000 0.000000 1.000000
0.997113 0.050745 -0.056482 -0.000000 -0.034572 0.965714 0.257295 6.116700 0.067602 -0.254600 0.964681 2.423300 0.000000 0.000000 0.000000 1.000000
