<?xml version="1.0" encoding="utf-8"?>
<COLLADA xmlns="http://www.collada.org/2005/11/COLLADASchema" version="1.4.1">
  <asset>
    <contributor>
      <author>Mixamo</author>
      <authoring_tool>COLLADA Mixamo exporter</authoring_tool>
      <comments/>
    </contributor>
    <created>2024-05-25T16:04:18Z</created>
    <modified>2024-05-25T16:04:18Z</modified>
    <revision/>
    <title/>
    <unit meter="0.010000"/>
    <up_axis>Y_UP</up_axis>
  </asset>
  <library_animations>
    <animation id="mixamorig_Hips-anim" name="mixamorig_Hips">
      <source id="mixamorig_Hips-Matrix-animation-input">
        <float_array id="mixamorig_Hips-Matrix-animation-input-array" count="121">

0.000000 0.033333 0.066667 0.100000 0.133333 0.166667 0.200000 0.233333 0.266667 0.300000 0.333333 0.366667 0.400000 0.433333 0.466667 0.500000
0.533333 0.566667 0.600000 0.633333 0.666667 0.700000 0.733333 0.766667 0.800000 0.833333 0.866667 0.900000 0.933333 0.966667 1.000000 1.033333
1.066667 1.100000 1.133333 1.166667 1.200000 1.233333 1.266667 1.300000 1.333333 1.366667 1.400000 1.433333 1.466667 1.500000 1.533333 1.566667
1.600000 1.633333 1.666667 1.700000 1.733333 1.766667 1.800000 1.833333 1.866667 1.900000 1.933333 1.966667 2.000000 2.033333 2.066667 2.100000
2.133333 2.166667 2.200000 2.233333 2.266667 2.300000 2.333333 2.366667 2.400000 2.433333 2.466667 2.500000 2.533333 2.566667 2.600000 2.633333
2.666667 2.700000 2.733333 2.766667 2.800000 2.833333 2.866667 2.900000 2.933333 2.966667 3.000000 3.033333 3.066667 3.100000 3.133333 3.166667
3.200000 3.233333 3.266667 3.300000 3.333333 3.366667 3.400000 3.433333 3.466667 3.500000 3.533333 3.566667 3.600000 3.633333 3.666667 3.700000
3.733333 3.766667 3.800000 3.833333 3.866667 3.900000 3.933333 3.966667 4.000000</float_array>
        <technique_common>
          <accessor source="#mixamorig_Hips-Matrix-animation-input-array" count="121">
            <param name="TIME" type="float"/>
          </accessor>
        </technique_common>
      </source>
      <source id="mixamorig_Hips-Matrix-animation-output-transform">
        <float_array id="mixamorig_Hips-Matrix-animation-output-transform-array" count="1936">

0.989623 -0.104950 0.098140 -0.270691 0.128849 0.950464 -0.282872 77.171265 -0.063591 0.292582 0.954124 0.900140 0.000000 0.000000 0.000000 1.000000
0.993404 -0.085497 0.076411 0.880109 0.106277 0.936707 -0.333595 77.066208 -0.043053 0.339515 0.939615 3.302493 0.000000 0.000000 0.000000 1.000000
0.996575 -0.063219 0.053313 1.995246 0.078949 0.919201 -0.385794 76.971535 -0.024616 0.388681 0.921043 5.579138 0.000000 0.000000 0.000000 1.000000
0.998754 -0.040850 0.028658 3.095544 0.049275 0.897980 -0.437270 76.872124 -0.007871 0.438137 0.898874 7.816206 0.000000 0.000000 0.000000 1.000000
0.999772 -0.021173 0.002751 4.200456 0.019841 0.873742 -0.485985 76.762321 0.007886 0.485929 0.873963 10.099812 0.000000 0.000000 0.000000 1.000000
0.999699 -0.006243 -0.023729 5.322992 -0.007290 0.847850 -0.530186 76.597931 0.023428 0.530199 0.847549 12.471560 0.000000 0.000000 0.000000 1.000000
0.998754 0.001676 -0.049878 6.481625 -0.029770 0.822148 -0.568495 76.367928 0.040054 0.569271 0.821174 15.001577 0.000000 0.000000 0.000000 1.000000
0.997214 0.000105 -0.074593 7.700735 -0.044959 0.798796 -0.599919 76.090981 0.059522 0.601602 0.796575 17.790344 0.000000 0.000000 0.000000 1.000000
0.995245 -0.022635 -0.094737 9.085458 -0.041015 0.784805 -0.618384 75.735504 0.088347 0.619329 0.780145 21.245174 0.000000 0.000000 0.000000 1.000000
0.989087 -0.080757 -0.123229 11.160069 -0.016389 0.770896 -0.636750 75.753479 0.146419 0.631820 0.761160 26.304428 0.000000 0.000000 0.000000 1.000000
0.981026 -0.136568 -0.137613 12.943376 0.008402 0.739077 -0.673568 75.517967 0.193695 0.659632 0.726201 30.524565 0.000000 0.000000 0.000000 1.000000
0.977843 -0.164205 -0.129848 14.252571 0.026786 0.713312 -0.700335 74.919609 0.207621 0.681339 0.701905 33.090919 0.000000 0.000000 0.000000 1.000000
0.975896 -0.187875 -0.111045 16.240908 0.049535 0.686233 -0.725693 74.140244 0.212542 0.702700 0.678998 36.706913 0.000000 0.000000 0.000000 1.000000
0.974350 -0.202069 -0.099047 18.520119 0.063162 0.668002 -0.741474 73.069931 0.215992 0.716199 0.663631 39.856293 0.000000 0.000000 0.000000 1.000000
0.974125 -0.204513 -0.096201 21.418398 0.063788 0.657129 -0.751075 72.108055 0.216821 0.725504 0.653171 42.967384 0.000000 0.000000 0.000000 1.000000
0.974457 -0.205256 -0.091123 23.882536 0.070209 0.663862 -0.744552 71.759285 0.213317 0.719137 0.661316 44.948181 0.000000 0.000000 0.000000 1.000000
0.977770 -0.189749 -0.089224 29.682287 0.069329 0.694157 -0.716477 70.882141 0.197886 0.694364 0.691881 48.159115 0.000000 0.000000 0.000000 1.000000
0.979368 -0.175805 -0.099656 33.826736 0.059764 0.723046 -0.688209 70.545189 0.193047 0.668054 0.718635 50.223015 0.000000 0.000000 0.000000 1.000000
0.985175 -0.133394 -0.107870 40.057369 0.033483 0.766211 -0.641717 70.670876 0.168253 0.628591 0.759318 53.239910 0.000000 0.000000 0.000000 1.000000
0.990666 -0.070607 -0.116601 47.036160 -0.013059 0.802302 -0.596776 71.248184 0.135686 0.592728 0.793891 56.087437 0.000000 0.000000 0.000000 1.000000
0.993010 -0.011427 -0.117475 52.260227 -0.058749 0.815395 -0.575916 72.200638 0.102369 0.578792 0.809024 58.032444 0.000000 0.000000 0.000000 1.000000
0.989362 0.088555 -0.115414 60.476856 -0.137905 0.823499 -0.550302 74.000366 0.046311 0.560364 0.826950 60.997345 0.000000 0.000000 0.000000 1.000000
0.975262 0.192551 -0.108572 69.018127 -0.220584 0.815794 -0.534624 75.781731 -0.014370 0.545348 0.838086 63.952019 0.000000 0.000000 0.000000 1.000000
0.951887 0.290462 -0.097690 77.708939 -0.296585 0.792953 -0.532224 77.242256 -0.077127 0.535590 0.840949 66.732162 0.000000 0.000000 0.000000 1.000000
0.934164 0.345981 -0.087379 83.344467 -0.336278 0.771595 -0.539961 77.722397 -0.119395 0.533796 0.837142 68.383484 0.000000 0.000000 0.000000 1.000000
0.913311 0.402064 -0.064872 91.966721 -0.361896 0.728148 -0.582092 77.508301 -0.186802 0.555108 0.810531 70.377846 0.000000 0.000000 0.000000 1.000000
0.897664 0.438440 -0.044374 97.311378 -0.368336 0.691208 -0.621739 76.655846 -0.241924 0.574457 0.781967 71.591248 0.000000 0.000000 0.000000 1.000000
0.866738 0.498180 -0.024119 104.581139 -0.389332 0.645554 -0.657024 75.404144 -0.311746 0.578858 0.753484 74.036018 0.000000 0.000000 0.000000 1.000000
0.810172 0.585675 -0.024604 111.843079 -0.446349 0.589143 -0.673560 74.924095 -0.379992 0.556682 0.738723 77.082039 0.000000 0.000000 0.000000 1.000000
0.752540 0.657776 -0.031835 116.676460 -0.495331 0.533512 -0.685574 74.694962 -0.433970 0.531691 0.727306 79.063400 0.000000 0.000000 0.000000 1.000000
0.619707 0.781524 -0.071997 123.948387 -0.595149 0.408148 -0.692252 74.086937 -0.511626 0.471842 0.718055 81.118729 0.000000 0.000000 0.000000 1.000000
0.511773 0.852597 -0.105667 128.671677 -0.655666 0.308134 -0.689315 73.638390 -0.555149 0.422056 0.716714 82.305244 0.000000 0.000000 0.000000 1.000000
0.397754 0.906750 -0.139989 133.243698 -0.705910 0.204981 -0.677993 73.447296 -0.586075 0.368494 0.721615 83.616501 0.000000 0.000000 0.000000 1.000000
0.284037 0.942200 -0.177712 138.257828 -0.742471 0.098861 -0.662543 74.189240 -0.606680 0.320132 0.727636 84.954315 0.000000 0.000000 0.000000 1.000000
0.168513 0.958754 -0.228897 144.465897 -0.771262 -0.016356 -0.636308 75.955009 -0.613807 0.283766 0.736694 86.400978 0.000000 0.000000 0.000000 1.000000
0.054914 0.959827 -0.275167 151.707001 -0.799497 -0.122823 -0.587979 78.458313 -0.598155 0.252284 0.760634 87.578354 0.000000 0.000000 0.000000 1.000000
-0.060593 0.949715 -0.307196 159.539520 -0.829165 -0.219232 -0.514221 81.473801 -0.555711 0.223558 0.800754 88.245522 0.000000 0.000000 0.000000 1.000000
-0.197183 0.926238 -0.321250 168.641800 -0.846603 -0.326112 -0.420613 84.675354 -0.494351 0.189033 0.848459 88.584396 0.000000 0.000000 0.000000 1.000000
-0.342396 0.886931 -0.310028 177.699768 -0.838966 -0.437161 -0.324077 87.709953 -0.422966 0.149140 0.893788 88.765877 0.000000 0.000000 0.000000 1.000000
-0.481449 0.824642 -0.296940 186.016800 -0.802259 -0.551057 -0.229600 90.106125 -0.352968 0.127682 0.926882 88.926567 0.000000 0.000000 0.000000 1.000000
-0.596010 0.756102 -0.270335 194.346863 -0.747219 -0.645513 -0.158040 91.205688 -0.293999 0.107806 0.949706 88.794022 0.000000 0.000000 0.000000 1.000000
-0.690801 0.676108 -0.256264 201.562225 -0.676150 -0.729625 -0.102317 90.434830 -0.256154 0.102592 0.961176 88.058487 0.000000 0.000000 0.000000 1.000000
-0.782135 0.574148 -0.242114 207.605530 -0.580822 -0.812471 -0.050378 89.280602 -0.225635 0.101223 0.968939 86.827789 0.000000 0.000000 0.000000 1.000000
-0.868198 0.456834 -0.193742 212.868164 -0.466280 -0.884630 0.003584 87.439224 -0.169753 0.093450 0.981046 85.415779 0.000000 0.000000 0.000000 1.000000
-0.931385 0.343938 -0.119279 216.472946 -0.350658 -0.935640 0.040203 85.288719 -0.097775 0.079270 0.992046 84.034370 0.000000 0.000000 0.000000 1.000000
-0.971043 0.234809 -0.044050 219.170670 -0.237052 -0.969911 0.055482 84.071213 -0.029697 0.064317 0.997488 83.327423 0.000000 0.000000 0.000000 1.000000
-0.993070 0.115473 0.021847 221.579132 -0.114521 -0.992586 0.040730 83.673576 0.026388 0.037945 0.998931 83.080620 0.000000 0.000000 0.000000 1.000000
-0.996740 -0.008789 0.080206 223.831482 0.009694 -0.999894 0.010903 84.031212 0.080102 0.011645 0.996719 83.056732 0.000000 0.000000 0.000000 1.000000
-0.980507 -0.145016 0.132574 226.051483 0.142637 -0.989398 -0.027326 84.638245 0.135131 -0.007883 0.990796 83.759796 0.000000 0.000000 0.000000 1.000000
-0.940563 -0.287376 0.180986 228.809509 0.275665 -0.957273 -0.087389 85.314758 0.198366 -0.032304 0.979595 85.374107 0.000000 0.000000 0.000000 1.000000
-0.886977 -0.404004 0.223724 232.339981 0.379554 -0.913704 -0.145200 86.185661 0.263079 -0.043874 0.963776 87.571320 0.000000 0.000000 0.000000 1.000000
-0.818738 -0.510479 0.262830 236.900528 0.468332 -0.858564 -0.208644 86.971161 0.332165 -0.047733 0.942013 90.098755 0.000000 0.000000 0.000000 1.000000
-0.728265 -0.619435 0.293138 242.804504 0.556912 -0.784223 -0.273576 87.357079 0.399348 -0.035984 0.916093 92.555763 0.000000 0.000000 0.000000 1.000000
-0.633121 -0.714639 0.297402 247.789490 0.639509 -0.699392 -0.319184 87.001274 0.436103 -0.011891 0.899818 93.698334 0.000000 0.000000 0.000000 1.000000
-0.522313 -0.800617 0.293602 252.528107 0.713336 -0.598866 -0.364021 86.150963 0.467270 0.019304 0.883904 94.478798 0.000000 0.000000 0.000000 1.000000
-0.397840 -0.873590 0.280292 257.388397 0.775897 -0.483404 -0.405344 84.759216 0.489599 0.056215 0.870134 95.398666 0.000000 0.000000 0.000000 1.000000
-0.262379 -0.929711 0.258446 262.171692 0.823332 -0.355374 -0.442532 83.101730 0.503272 0.096676 0.858703 96.427208 0.000000 0.000000 0.000000 1.000000
-0.118944 -0.966201 0.228708 266.734802 0.852960 -0.217340 -0.474576 81.220161 0.508243 0.138631 0.849983 97.563339 0.000000 0.000000 0.000000 1.000000
0.027998 -0.981023 0.191857 271.088196 0.863273 -0.073034 -0.499425 79.034554 0.503959 0.179608 0.844847 98.808334 0.000000 0.000000 0.000000 1.000000
0.173568 -0.973421 0.149419 275.491821 0.853762 0.073102 -0.515506 76.610023 0.490882 0.217044 0.843758 99.917305 0.000000 0.000000 0.000000 1.000000
0.312951 -0.944131 0.103339 279.936371 0.825194 0.216419 -0.521745 73.996773 0.470231 0.248555 0.846819 100.868584 0.000000 0.000000 0.000000 1.000000
0.441929 -0.895323 0.055637 284.355072 0.779491 0.352580 -0.517765 71.233109 0.443951 0.272184 0.853712 101.697899 0.000000 0.000000 0.000000 1.000000
0.557280 -0.830285 0.008147 288.678497 0.719570 0.478027 -0.503695 68.346390 0.414316 0.286561 0.863843 102.437897 0.000000 0.000000 0.000000 1.000000
0.656888 -0.753052 -0.037553 292.826752 0.649119 0.590162 -0.479951 65.372452 0.383591 0.290898 0.876491 103.112892 0.000000 0.000000 0.000000 1.000000
0.739906 -0.667901 -0.080294 296.714142 0.572083 0.687526 -0.447246 62.347744 0.353920 0.284985 0.890800 103.752396 0.000000 0.000000 0.000000 1.000000
0.806690 -0.578704 -0.119805 300.249146 0.491878 0.769849 -0.406681 59.295986 0.327580 0.269136 0.905681 104.404602 0.000000 0.000000 0.000000 1.000000
0.853929 -0.491629 -0.170605 302.280243 0.417887 0.843204 -0.338197 56.239677 0.310122 0.217503 0.925482 104.906052 0.000000 0.000000 0.000000 1.000000
0.892633 -0.393908 -0.219184 304.125275 0.331306 0.902993 -0.273570 53.544754 0.305683 0.171580 0.936546 105.317993 0.000000 0.000000 0.000000 1.000000
0.918717 -0.299080 -0.257895 305.840881 0.247654 0.944994 -0.213668 51.051628 0.307613 0.132432 0.942251 106.121109 0.000000 0.000000 0.000000 1.000000
0.936679 -0.199728 -0.287647 307.565948 0.158807 0.974355 -0.159412 48.777668 0.312110 0.103638 0.944376 106.966728 0.000000 0.000000 0.000000 1.000000
0.946576 -0.092418 -0.308954 309.311249 0.066012 0.993298 -0.094881 46.713600 0.315652 0.069417 0.946332 107.768753 0.000000 0.000000 0.000000 1.000000
0.949086 0.011520 -0.314807 311.104767 -0.024552 0.998996 -0.037464 44.885345 0.314059 0.043285 0.948416 108.679955 0.000000 0.000000 0.000000 1.000000
0.944521 0.116514 -0.307091 312.891724 -0.119878 0.992757 0.007956 43.426086 0.305794 0.029299 0.951647 109.735336 0.000000 0.000000 0.000000 1.000000
0.929046 0.225068 -0.293628 314.635590 -0.220748 0.974138 0.048232 42.368351 0.296890 0.020008 0.954702 111.191132 0.000000 0.000000 0.000000 1.000000
0.899066 0.335497 -0.281285 316.334381 -0.323161 0.941994 0.090634 41.860947 0.295376 0.009415 0.955335 112.874664 0.000000 0.000000 0.000000 1.000000
0.855500 0.442320 -0.269209 318.082275 -0.419967 0.896838 0.138957 41.951675 0.302900 -0.005819 0.953005 114.962692 0.000000 0.000000 0.000000 1.000000
0.805881 0.535570 -0.252431 319.740051 -0.503153 0.844207 0.184804 42.478180 0.312080 -0.021918 0.949803 117.343277 0.000000 0.000000 0.000000 1.000000
0.760542 0.607698 -0.228647 321.237457 -0.574060 0.793884 0.200507 43.732517 0.303367 -0.021237 0.952637 120.174339 0.000000 0.000000 0.000000 1.000000
0.725110 0.666364 -0.173708 322.696106 -0.648758 0.745623 0.152184 46.357315 0.230931 0.002344 0.972967 123.703400 0.000000 0.000000 0.000000 1.000000
0.677746 0.732144 -0.068008 323.850006 -0.730061 0.681054 0.056364 50.212311 0.087584 0.011449 0.996091 127.263367 0.000000 0.000000 0.000000 1.000000
0.611236 0.790424 0.040265 325.202362 -0.784510 0.611814 -0.101129 53.810867 -0.104569 0.030226 0.994058 131.290588 0.000000 0.000000 0.000000 1.000000
0.580563 0.798765 0.157862 327.443512 -0.779082 0.601310 -0.177364 57.182335 -0.236596 -0.020017 0.971402 136.244202 0.000000 0.000000 0.000000 1.000000
0.422768 0.876754 0.229280 329.789154 -0.829717 0.476229 -0.291163 59.128769 -0.364468 -0.067143 0.928792 141.302505 0.000000 0.000000 0.000000 1.000000
0.304041 0.918391 0.253213 332.963348 -0.835962 0.384668 -0.391406 60.608116 -0.456867 -0.092673 0.884695 145.585510 0.000000 0.000000 0.000000 1.000000
0.181548 0.944897 0.272413 336.235504 -0.823824 0.297407 -0.482559 61.822765 -0.536986 -0.136813 0.832423 149.578629 0.000000 0.000000 0.000000 1.000000
0.053343 0.953873 0.295432 339.441681 -0.785556 0.222735 -0.577314 62.813034 -0.616487 -0.201283 0.761202 153.506714 0.000000 0.000000 0.000000 1.000000
-0.073531 0.949789 0.304128 342.519257 -0.740378 0.152322 -0.654705 63.792427 -0.668157 -0.273311 0.692002 157.276505 0.000000 0.000000 0.000000 1.000000
-0.209030 0.927892 0.308746 345.792236 -0.711067 0.072524 -0.699374 64.633034 -0.671335 -0.365729 0.644633 161.443619 0.000000 0.000000 0.000000 1.000000
-0.383319 0.869785 0.310709 349.795471 -0.666260 -0.027415 -0.745215 65.480568 -0.639659 -0.492668 0.590012 166.090775 0.000000 0.000000 0.000000 1.000000
-0.591108 0.753147 0.288723 354.798004 -0.575757 -0.143296 -0.804966 66.321762 -0.564885 -0.642057 0.518333 171.120605 0.000000 0.000000 0.000000 1.000000
-0.773246 0.592530 0.225828 360.192108 -0.437271 -0.240343 -0.866620 67.669762 -0.459222 -0.768858 0.444940 176.075119 0.000000 0.000000 0.000000 1.000000
-0.907233 0.396351 0.140831 366.399963 -0.283851 -0.329808 -0.900364 69.080276 -0.310413 -0.856815 0.411717 180.723648 0.000000 0.000000 0.000000 1.000000
-0.981205 0.174304 0.082794 373.963776 -0.144576 -0.379866 -0.913673 70.222176 -0.127807 -0.908471 0.397927 183.953613 0.000000 0.000000 0.000000 1.000000
-0.996171 -0.075678 0.043784 382.178864 -0.010135 -0.397453 -0.917566 71.073608 0.086842 -0.914496 0.395164 185.964417 0.000000 0.000000 0.000000 1.000000
-0.946436 -0.322621 0.013234 390.807434 0.118098 -0.384015 -0.915743 71.679596 0.300520 -0.865129 0.401547 186.569412 0.000000 0.000000 0.000000 1.000000
-0.843296 -0.537328 -0.011397 399.716064 0.230949 -0.343145 -0.910447 72.022354 0.485298 -0.770409 0.413468 186.104309 0.000000 0.000000 0.000000 1.000000
-0.699763 -0.713798 -0.028697 408.416595 0.323826 -0.281140 -0.903381 71.518272 0.636763 -0.641446 0.427878 185.343170 0.000000 0.000000 0.000000 1.000000
-0.528788 -0.847877 -0.038560 417.199738 0.394433 -0.205257 -0.895708 70.745583 0.751536 -0.488849 0.442968 184.508850 0.000000 0.000000 0.000000 1.000000
-0.354753 -0.933778 -0.046991 424.849396 0.442078 -0.123239 -0.888470 69.724281 0.823843 -0.335961 0.456522 183.494400 0.000000 0.000000 0.000000 1.000000
-0.176964 -0.982622 -0.056022 431.982635 0.474406 -0.035289 -0.879599 68.397705 0.862336 -0.182235 0.472407 182.167725 0.000000 0.000000 0.000000 1.000000
-0.007717 -0.997993 -0.062858 438.365479 0.489873 0.051027 -0.870299 66.977272 0.871759 -0.037509 0.488496 180.672409 0.000000 0.000000 0.000000 1.000000
0.151458 -0.986229 -0.066427 444.098755 0.488240 0.133074 -0.862504 65.600075 0.859466 0.098201 0.501672 179.204391 0.000000 0.000000 0.000000 1.000000
0.298011 -0.952267 -0.066162 449.283966 0.471792 0.207191 -0.857020 64.473335 0.829820 0.224186 0.511017 177.873779 0.000000 0.000000 0.000000 1.000000
0.433701 -0.898785 -0.063955 454.388519 0.437413 0.272060 -0.857119 63.657379 0.787765 0.343758 0.511133 176.751221 0.000000 0.000000 0.000000 1.000000
0.542479 -0.837958 -0.059515 458.230194 0.381624 0.308930 -0.871163 64.242645 0.748385 0.449876 0.487373 175.610535 0.000000 0.000000 0.000000 1.000000
0.636710 -0.767286 -0.076628 462.250214 0.311346 0.346723 -0.884786 65.884926 0.705453 0.539495 0.459654 174.148636 0.000000 0.000000 0.000000 1.000000
0.708033 -0.698091 -0.106576 465.602966 0.251781 0.390551 -0.885481 68.370224 0.659769 0.600116 0.452289 171.951736 0.000000 0.000000 0.000000 1.000000
0.780832 -0.608161 -0.142975 468.201660 0.180942 0.439194 -0.879982 70.731453 0.597964 0.661248 0.452979 168.926865 0.000000 0.000000 0.000000 1.000000
0.845340 -0.508819 -0.162800 470.068359 0.114016 0.469550 -0.875513 72.440536 0.521921 0.721544 0.454943 165.866364 0.000000 0.000000 0.000000 1.000000
0.895476 -0.413602 -0.164487 471.810333 0.071875 0.499056 -0.863584 73.877258 0.439268 0.761496 0.476621 162.587463 0.000000 0.000000 0.000000 1.000000
0.937886 -0.311367 -0.153039 473.414307 0.040380 0.536073 -0.843205 75.029510 0.344586 0.784650 0.515349 158.840698 0.000000 0.000000 0.000000 1.000000
0.963693 -0.231225 -0.133530 474.403656 0.029524 0.589297 -0.807377 75.771339 0.265374 0.774121 0.574728 156.302933 0.000000 0.000000 0.000000 1.000000
0.978784 -0.176573 -0.103943 475.083496 0.036774 0.650447 -0.758661 76.253532 0.201568 0.738743 0.643140 154.221878 0.000000 0.000000 0.000000 1.000000
0.988727 -0.133971 -0.066866 475.676300 0.049661 0.714707 -0.697658 76.627686 0.141256 0.686473 0.713303 152.248138 0.000000 0.000000 0.000000 1.000000
0.994208 -0.104462 -0.025252 476.181458 0.065707 0.776777 -0.626338 76.937920 0.085044 0.621051 0.779142 150.467484 0.000000 0.000000 0.000000 1.000000
0.996060 -0.086998 0.017219 476.568085 0.082155 0.832026 -0.548619 77.143799 0.033402 0.547872 0.835895 148.873032 0.000000 0.000000 0.000000 1.000000
0.995165 -0.079956 0.057047 476.835175 0.097429 0.877195 -0.470145 77.264748 -0.012450 0.473430 0.880744 147.503632 0.000000 0.000000 0.000000 1.000000
0.992587 -0.080403 0.091139 476.982361 0.110293 0.910911 -0.397588 77.303696 -0.051053 0.404693 0.913026 146.379379 0.000000 0.000000 0.000000 1.000000
0.989477 -0.084879 0.117178 477.015106 0.120087 0.933508 -0.337848 77.278687 -0.080711 0.348365 0.933878 145.528900 0.000000 0.000000 0.000000 1.000000
0.986943 -0.089913 0.133636 476.941254 0.126501 0.946283 -0.297566 77.226128 -0.099703 0.310586 0.945302 144.983963 0.000000 0.000000 0.000000 1.000000
0.985939 -0.092175 0.139386 476.765106 0.128849 0.950464 -0.282872 77.171303 -0.106407 0.296854 0.948976 144.763733 0.000000 0.000000 0.000000 1.000000</float_array>
        <technique_common>
          <accessor source="#mixamorig_Hips-Matrix-animation-output-transform-array" count="121" stride="16">
            <param type="float4x4"/>
          </accessor>
        </technique_common>
      </source>
      <source id="mixamorig_Hips-Interpolations">
        <Name_array id="mixamorig_Hips-Interpolations-array" count="121">
 LINEAR LINEAR LINEAR LINEAR LINEAR LINEAR LINEAR LINEAR LINEAR LINEAR LINEAR
LINEAR LINEAR LINEAR LINEAR LINEAR LINEAR LINEAR LINEAR LINEAR LINEAR LINEAR LINEAR
LINEAR LINEAR LINEAR LINEAR LINEAR LINEAR LINEAR LINEAR LINEAR LINEAR LINEAR LINEAR
LINEAR LINEAR LINEAR LINEAR LINEAR LINEAR LINEAR LINEAR LINEAR LINEAR LINEAR LINEAR
LINEAR LINEAR LINEAR LINEAR LINEAR LINEAR LINEAR LINEAR LINEAR LINEAR LINEAR LINEAR
LINEAR LINEAR LINEAR LINEAR LINEAR LINEAR LINEAR LINEAR LINEAR LINEAR LINEAR LINEAR
LINEAR LINEAR LINEAR LINEAR LINEAR LINEAR LINEAR LINEAR LINEAR LINEAR LINEAR LINEAR
LINEAR LINEAR LINEAR LINEAR LINEAR LINEAR LINEAR LINEAR LINEAR LINEAR LINEAR LINEAR
LINEAR LINEAR LINEAR LINEAR LINEAR LINEAR LINEAR LINEAR LINEAR LINEAR LINEAR LINEAR
LINEAR LINEAR LINEAR LINEAR LINEAR LINEAR LINEAR LINEAR LINEAR LINEAR LINEAR LINEAR
LINEAR LINEAR</Name_array>
        <technique_common>
          <accessor source="#mixamorig_Hips-Interpolations-array" count="121">
            <param type="name"/>
          </accessor>
        </technique_common>
      </source>
      <sampler id="mixamorig_Hips-Matrix-animation-transform">
        <input semantic="INPUT" source="#mixamorig_Hips-Matrix-animation-input"/>
        <input semantic="OUTPUT" source="#mixamorig_Hips-Matrix-animation-output-transform"/>
        <input semantic="INTERPOLATION" source="#mixamorig_Hips-Interpolations"/>
      </sampler>
      <channel source="#mixamorig_Hips-Matrix-animation-transform" target="mixamorig_Hips/matrix"/>
    </animation>
    <animation id="mixamorig_Spine-anim" name="mixamorig_Spine">
      <source id="mixamorig_Spine-Matrix-animation-input">
        <float_array id="mixamorig_Spine-Matrix-animation-input-array" count="121">

0.000000 0.033333 0.066667 0.100000 0.133333 0.166667 0.200000 0.233333 0.266667 0.300000 0.333333 0.366667 0.400000 0.433333 0.466667 0.500000
0.533333 0.566667 0.600000 0.633333 0.666667 0.700000 0.733333 0.766667 0.800000 0.833333 0.866667 0.900000 0.933333 0.966667 1.000000 1.033333
1.066667 1.100000 1.133333 1.166667 1.200000 1.233333 1.266667 1.300000 1.333333 1.366667 1.400000 1.433333 1.466667 1.500000 1.533333 1.566667
1.600000 1.633333 1.666667 1.700000 1.733333 1.766667 1.800000 1.833333 1.866667 1.900000 1.933333 1.966667 2.000000 2.033333 2.066667 2.100000
2.133333 2.166667 2.200000 2.233333 2.266667 2.300000 2.333333 2.366667 2.400000 2.433333 2.466667 2.500000 2.533333 2.566667 2.600000 2.633333
2.666667 2.700000 2.733333 2.766667 2.800000 2.833333 2.866667 2.900000 2.933333 2.966667 3.000000 3.033333 3.066667 3.100000 3.133333 3.166667
3.200000 3.233333 3.266667 3.300000 3.333333 3.366667 3.400000 3.433333 3.466667 3.500000 3.533333 3.566667 3.600000 3.633333 3.666667 3.700000
3.733333 3.766667 3.800000 3.833333 3.866667 3.900000 3.933333 3.966667 4.000000</float_array>
        <technique_common>
          <accessor source="#mixamorig_Spine-Matrix-animation-input-array" count="121">
            <param name="TIME" type="float"/>
          </accessor>
        </technique_common>
      </source>
      <source id="mixamorig_Spine-Matrix-animation-output-transform">
        <float_array id="mixamorig_Spine-Matrix-animation-output-transform-array" count="1936">

0.961585 -0.105334 -0.253492 0.000000 0.093639 0.993927 -0.057801 9.465600 0.258041 0.031844 0.965609 -1.179100 0.000000 0.000000 0.000000 1.000000
0.959532 -0.136907 -0.246079 0.000000 0.122862 0.989836 -0.071626 9.465600 0.253384 0.038493 0.966600 -1.179100 0.000000 0.000000 0.000000 1.000000
0.955948 -0.169956 -0.239328 -0.000000 0.153896 0.984475 -0.084405 9.465600 0.249958 0.043855 0.967263 -1.179100 0.000000 0.000000 0.000000 1.000000
0.951084 -0.203317 -0.232597 0.000000 0.185453 0.977905 -0.096488 9.465600 0.247075 0.048632 0.967775 -1.179100 0.000000 0.000000 0.000000 1.000000
0.945313 -0.235773 -0.225378 0.000000 0.216224 0.970333 -0.108170 9.465600 0.244195 0.053522 0.968248 -1.179100 0.000000 0.000000 0.000000 1.000000
0.938990 -0.266748 -0.217124 -0.000000 0.245552 0.961944 -0.119866 9.465600 0.240835 0.059238 0.968757 -1.179100 0.000000 0.000000 0.000000 1.000000
0.932641 -0.295321 -0.207284 0.000000 0.272484 0.953080 -0.131873 9.465600 0.236503 0.066508 0.969352 -1.179100 0.000000 0.000000 0.000000 1.000000
0.926967 -0.320227 -0.195414 -0.000000 0.295769 0.944283 -0.144396 9.465600 0.230766 0.076053 0.970033 -1.179100 0.000000 0.000000 0.000000 1.000000
0.924582 -0.336375 -0.178884 0.000000 0.310223 0.937269 -0.159026 9.465600 0.221155 0.091539 0.970933 -1.179100 0.000000 0.000000 0.000000 1.000000
0.939005 -0.319449 -0.127366 0.000000 0.295606 0.939000 -0.175773 9.465600 0.175748 0.127402 0.976157 -1.179100 0.000000 0.000000 0.000000 1.000000
0.952870 -0.293050 -0.078486 0.000000 0.275213 0.943838 -0.182831 9.465600 0.127657 0.152614 0.980007 -1.179100 0.000000 0.000000 0.000000 1.000000
0.958240 -0.280349 -0.056389 0.000000 0.265961 0.946166 -0.184484 9.465600 0.105074 0.161783 0.981217 -1.179100 0.000000 0.000000 0.000000 1.000000
0.966457 -0.254341 -0.035667 0.000000 0.241765 0.947815 -0.207837 9.465600 0.086667 0.192242 0.977513 -1.179100 0.000000 0.000000 0.000000 1.000000
0.976410 -0.215871 -0.004799 0.000000 0.209817 0.953807 -0.215007 9.465600 0.050991 0.208929 0.976601 -1.179100 0.000000 0.000000 0.000000 1.000000
0.983867 -0.178267 0.015050 0.000000 0.177380 0.961102 -0.211707 9.465600 0.023275 0.210961 0.977217 -1.179100 0.000000 0.000000 0.000000 1.000000
0.987365 -0.157206 0.019922 0.000000 0.157762 0.963374 -0.216845 9.465600 0.014897 0.217248 0.976003 -1.179100 0.000000 0.000000 0.000000 1.000000
0.984028 -0.176801 0.020724 0.000000 0.177486 0.965524 -0.190424 9.465600 0.013658 0.191061 0.981483 -1.179100 0.000000 0.000000 0.000000 1.000000
0.985349 -0.165826 0.039871 -0.000000 0.170306 0.969207 -0.177860 9.465600 -0.009150 0.182044 0.983248 -1.179100 0.000000 0.000000 0.000000 1.000000
0.987435 -0.141346 0.070657 -0.000000 0.150758 0.976639 -0.153128 9.465600 -0.047362 0.161856 0.985677 -1.179100 0.000000 0.000000 0.000000 1.000000
0.990123 -0.096456 0.101751 -0.000000 0.111122 0.982420 -0.150009 9.465600 -0.085493 0.159834 0.983435 -1.179100 0.000000 0.000000 0.000000 1.000000
0.991799 -0.062097 0.111709 0.000000 0.078645 0.985487 -0.150434 9.465600 -0.100746 0.157986 0.982289 -1.179100 0.000000 0.000000 0.000000 1.000000
0.992647 -0.008424 0.120753 0.000000 0.026716 0.988221 -0.150684 9.465600 -0.118061 0.152802 0.981179 -1.179100 0.000000 0.000000 0.000000 1.000000
0.991486 0.047840 0.121104 -0.000000 -0.029410 0.988305 -0.149630 9.465600 -0.126846 0.144794 0.981297 -1.179100 0.000000 0.000000 0.000000 1.000000
0.988050 0.106333 0.111578 0.000000 -0.089555 0.985239 -0.145891 9.465600 -0.125444 0.134155 0.982988 -1.179100 0.000000 0.000000 0.000000 1.000000
0.984155 0.148181 0.097374 -0.000000 -0.133725 0.980911 -0.141177 9.465600 -0.116435 0.125918 0.985184 -1.179100 0.000000 0.000000 0.000000 1.000000
0.975212 0.215185 0.051545 -0.000000 -0.207437 0.970163 -0.125512 9.465600 -0.077015 0.111708 0.990752 -1.179100 0.000000 0.000000 0.000000 1.000000
0.968893 0.247081 0.014035 0.000000 -0.244219 0.963766 -0.107299 9.465600 -0.040038 0.100534 0.994128 -1.179100 0.000000 0.000000 0.000000 1.000000
0.945449 0.325741 -0.004448 0.000000 -0.324682 0.941085 -0.094550 9.465600 -0.026613 0.090837 0.995510 -1.179100 0.000000 0.000000 0.000000 1.000000
0.920526 0.390293 -0.017414 0.000000 -0.389853 0.914759 -0.105974 9.465600 -0.025431 0.104341 0.994216 -1.179100 0.000000 0.000000 0.000000 1.000000
0.919220 0.392702 -0.028616 0.000000 -0.393531 0.913905 -0.099554 9.465600 -0.012943 0.102773 0.994621 -1.179100 0.000000 0.000000 0.000000 1.000000
0.942238 0.333043 -0.035623 -0.000000 -0.334715 0.940179 -0.063471 9.465600 0.012354 0.071728 0.997348 -1.179100 0.000000 0.000000 0.000000 1.000000
0.959457 0.279407 -0.037064 0.000000 -0.280609 0.959271 -0.032528 9.465600 0.026466 0.041609 0.998783 -1.179100 0.000000 0.000000 0.000000 1.000000
0.973328 0.225780 -0.040685 0.000000 -0.225826 0.974161 0.003527 9.465600 0.040430 0.005755 0.999166 -1.179100 0.000000 0.000000 0.000000 1.000000
0.981371 0.183999 -0.055278 0.000000 -0.182266 0.982628 0.034961 9.465600 0.060751 -0.024234 0.997859 -1.179100 0.000000 0.000000 0.000000 1.000000
0.980758 0.184369 -0.064202 0.000000 -0.180260 0.981480 0.064839 9.465600 0.074967 -0.052019 0.995828 -1.179100 0.000000 0.000000 0.000000 1.000000
0.975519 0.210780 -0.062733 0.000000 -0.205895 0.975600 0.076233 9.465600 0.077270 -0.061450 0.995115 -1.179100 0.000000 0.000000 0.000000 1.000000
0.967526 0.247287 -0.052379 0.000000 -0.242957 0.966954 0.077281 9.465600 0.069759 -0.062045 0.995633 -1.179100 0.000000 0.000000 0.000000 1.000000
0.958451 0.280245 -0.053248 0.000000 -0.275896 0.958131 0.076587 9.465600 0.072482 -0.058713 0.995640 -1.179100 0.000000 0.000000 0.000000 1.000000
0.949920 0.307280 -0.056844 0.000000 -0.302714 0.949991 0.076686 9.465600 0.077565 -0.055638 0.995434 -1.179100 0.000000 0.000000 0.000000 1.000000
0.947106 0.317817 -0.044531 0.000000 -0.313206 0.945638 0.087585 9.465600 0.069946 -0.069005 0.995161 -1.179100 0.000000 0.000000 0.000000 1.000000
0.940446 0.337956 -0.036713 0.000000 -0.333730 0.938410 0.089505 9.465600 0.064701 -0.071922 0.995310 -1.179100 0.000000 0.000000 0.000000 1.000000
0.939123 0.339042 -0.055673 -0.000000 -0.333258 0.938289 0.092479 9.465600 0.083592 -0.068296 0.994157 -1.179100 0.000000 0.000000 0.000000 1.000000
0.949206 0.305646 -0.074763 0.000000 -0.299273 0.950329 0.085508 9.465600 0.097184 -0.058790 0.993529 -1.179100 0.000000 0.000000 0.000000 1.000000
0.968910 0.240704 -0.057224 -0.000000 -0.237926 0.969926 0.051323 9.465600 0.067857 -0.036113 0.997041 -1.179100 0.000000 0.000000 0.000000 1.000000
0.986244 0.164965 -0.010492 -0.000000 -0.164987 0.986295 -0.001271 9.465600 0.010138 0.002985 0.999944 -1.179100 0.000000 0.000000 0.000000 1.000000
0.995734 0.087096 0.030469 0.000000 -0.086286 0.995906 -0.026952 9.465600 -0.032692 0.024208 0.999172 -1.179100 0.000000 0.000000 0.000000 1.000000
0.998779 -0.006929 0.048919 0.000000 0.009632 0.998428 -0.055217 9.465600 -0.048459 0.055621 0.997275 -1.179100 0.000000 0.000000 0.000000 1.000000
0.993037 -0.094703 0.070057 -0.000000 0.100168 0.991821 -0.079106 9.465600 -0.061992 0.085573 0.994401 -1.179100 0.000000 0.000000 0.000000 1.000000
0.975280 -0.198768 0.096543 0.000000 0.207335 0.974242 -0.088686 9.465600 -0.076429 0.106510 0.991370 -1.179100 0.000000 0.000000 0.000000 1.000000
0.947084 -0.293573 0.129798 -0.000000 0.305611 0.948360 -0.084948 9.465600 -0.098156 0.120120 0.987895 -1.179100 0.000000 0.000000 0.000000 1.000000
0.926441 -0.349357 0.140202 0.000000 0.361005 0.930090 -0.067881 9.465600 -0.106686 0.113501 0.987793 -1.179100 0.000000 0.000000 0.000000 1.000000
0.916089 -0.378006 0.133758 0.000000 0.387530 0.920316 -0.053279 9.465600 -0.102960 0.100643 0.989581 -1.179100 0.000000 0.000000 0.000000 1.000000
0.911493 -0.392505 0.122964 0.000000 0.399530 0.915937 -0.037887 9.465600 -0.097756 0.083662 0.991688 -1.179100 0.000000 0.000000 0.000000 1.000000
0.911320 -0.394823 0.116663 -0.000000 0.401714 0.914799 -0.042059 9.465600 -0.090118 0.085194 0.992281 -1.179100 0.000000 0.000000 0.000000 1.000000
0.910949 -0.397186 0.111424 -0.000000 0.404549 0.912982 -0.052950 9.465600 -0.080697 0.093311 0.992361 -1.179100 0.000000 0.000000 0.000000 1.000000
0.910824 -0.399173 0.105171 0.000000 0.407151 0.910711 -0.069522 9.465600 -0.068029 0.106143 0.992021 -1.179100 0.000000 0.000000 0.000000 1.000000
0.911354 -0.399490 0.099207 0.000000 0.408083 0.908424 -0.090739 9.465600 -0.053873 0.123180 0.990921 -1.179100 0.000000 0.000000 0.000000 1.000000
0.912574 -0.397907 0.094228 0.000000 0.407005 0.906101 -0.115446 9.465600 -0.039443 0.143704 0.988834 -1.179100 0.000000 0.000000 0.000000 1.000000
0.914713 -0.394038 0.089635 0.000000 0.403338 0.903885 -0.142516 9.465600 -0.024863 0.166514 0.985726 -1.179100 0.000000 0.000000 0.000000 1.000000
0.917974 -0.387382 0.085200 0.000000 0.396497 0.902004 -0.170817 9.465600 -0.010679 0.190587 0.981612 -1.179100 0.000000 0.000000 0.000000 1.000000
0.922526 -0.377381 0.080803 0.000000 0.385927 0.900760 -0.199228 9.465600 0.002401 0.214977 0.976616 -1.179100 0.000000 0.000000 0.000000 1.000000
0.928493 -0.363375 0.076553 0.000000 0.371108 0.900505 -0.226647 9.465600 0.013422 0.238850 0.970964 -1.179100 0.000000 0.000000 0.000000 1.000000
0.935918 -0.344661 0.072571 -0.000000 0.351566 0.901609 -0.251998 9.465600 0.021423 0.261363 0.965003 -1.179100 0.000000 0.000000 0.000000 1.000000
0.944785 -0.320388 0.068791 0.000000 0.326685 0.904471 -0.274243 9.465600 0.025645 0.281573 0.959197 -1.179100 0.000000 0.000000 0.000000 1.000000
0.954920 -0.289630 0.065137 0.000000 0.295771 0.909417 -0.292369 9.465600 0.025442 0.298455 0.954085 -1.179100 0.000000 0.000000 0.000000 1.000000
0.965877 -0.251447 0.062097 0.000000 0.258238 0.916548 -0.305374 9.465600 0.019870 0.310989 0.950206 -1.179100 0.000000 0.000000 0.000000 1.000000
0.979304 -0.188887 0.072696 0.000000 0.202233 0.927525 -0.314324 9.465600 -0.008055 0.322521 0.946528 -1.179100 0.000000 0.000000 0.000000 1.000000
0.987424 -0.135079 0.082142 -0.000000 0.154924 0.930283 -0.332523 9.465600 -0.031498 0.341067 0.939511 -1.179100 0.000000 0.000000 0.000000 1.000000
0.992522 -0.084355 0.088232 -0.000000 0.110046 0.931128 -0.347692 9.465600 -0.052825 0.354802 0.933448 -1.179100 0.000000 0.000000 0.000000 1.000000
0.994726 -0.045236 0.092054 0.000000 0.076104 0.927208 -0.366733 9.465600 -0.068764 0.371805 0.925761 -1.179100 0.000000 0.000000 0.000000 1.000000
0.995853 0.000166 0.090979 -0.000000 0.032285 0.934272 -0.355098 9.465600 -0.085058 0.356562 0.930392 -1.179100 0.000000 0.000000 0.000000 1.000000
0.996473 0.028633 0.078876 -0.000000 0.001374 0.934288 -0.356516 9.465600 -0.083901 0.355367 0.930954 -1.179100 0.000000 0.000000 0.000000 1.000000
0.997228 0.051368 0.053829 -0.000000 -0.029353 0.936372 -0.349780 9.465600 -0.068372 0.347231 0.935284 -1.179100 0.000000 0.000000 0.000000 1.000000
0.997075 0.069971 0.030748 -0.000000 -0.055534 0.939674 -0.337532 9.465600 -0.052511 0.334838 0.940812 -1.179100 0.000000 0.000000 0.000000 1.000000
0.994768 0.100376 0.019014 0.000000 -0.087914 0.935888 -0.341151 9.465600 -0.052038 0.337694 0.939816 -1.179100 0.000000 0.000000 0.000000 1.000000
0.988984 0.145498 0.027233 -0.000000 -0.127707 0.931700 -0.340038 9.465600 -0.074848 0.332814 0.940017 -1.179100 0.000000 0.000000 0.000000 1.000000
0.979066 0.198093 0.046790 -0.000000 -0.172218 0.928733 -0.328322 9.465600 -0.108494 0.313391 0.943406 -1.179100 0.000000 0.000000 0.000000 1.000000
0.967822 0.239515 0.077155 0.000000 -0.208097 0.934208 -0.289743 9.465600 -0.141476 0.264364 0.953990 -1.179100 0.000000 0.000000 0.000000 1.000000
0.959638 0.261140 0.104405 0.000000 -0.232408 0.945401 -0.228479 9.465600 -0.158370 0.194992 0.967934 -1.179100 0.000000 0.000000 0.000000 1.000000
0.952243 0.285885 0.107250 0.000000 -0.258704 0.941967 -0.213942 9.465600 -0.162189 0.175979 0.970941 -1.179100 0.000000 0.000000 0.000000 1.000000
0.951373 0.294052 0.091774 0.000000 -0.272462 0.942272 -0.194650 9.465600 -0.143713 0.160180 0.976570 -1.179100 0.000000 0.000000 0.000000 1.000000
0.912155 0.397595 0.099458 0.000000 -0.360761 0.894067 -0.265512 9.465600 -0.194488 0.206307 0.958964 -1.179100 0.000000 0.000000 0.000000 1.000000
0.929629 0.350418 0.114001 -0.000000 -0.311434 0.912499 -0.265246 9.465600 -0.196973 0.211076 0.957418 -1.179100 0.000000 0.000000 0.000000 1.000000
0.932561 0.343049 0.112464 0.000000 -0.305163 0.915509 -0.262142 9.465600 -0.192889 0.210144 0.958454 -1.179100 0.000000 0.000000 0.000000 1.000000
0.939296 0.325893 0.107316 0.000000 -0.286234 0.916747 -0.278648 9.465600 -0.189191 0.231016 0.954379 -1.179100 0.000000 0.000000 0.000000 1.000000
0.948558 0.303151 0.091311 0.000000 -0.261911 0.913388 -0.311647 9.465600 -0.177878 0.271700 0.945800 -1.179100 0.000000 0.000000 0.000000 1.000000
0.956530 0.278016 0.088077 0.000000 -0.232554 0.909379 -0.344890 9.465600 -0.175980 0.309415 0.934502 -1.179100 0.000000 0.000000 0.000000 1.000000
0.960395 0.254749 0.112889 0.000000 -0.197961 0.908923 -0.366974 9.465600 -0.196093 0.330092 0.923356 -1.179100 0.000000 0.000000 0.000000 1.000000
0.969410 0.213811 0.120538 0.000000 -0.153710 0.911708 -0.381000 9.465600 -0.191358 0.350817 0.916684 -1.179100 0.000000 0.000000 0.000000 1.000000
0.984204 0.144769 0.101900 0.000000 -0.095711 0.919330 -0.381669 9.465600 -0.148933 0.365888 0.918665 -1.179100 0.000000 0.000000 0.000000 1.000000
0.995537 0.059526 0.073232 0.000000 -0.026940 0.922950 -0.383976 9.465600 -0.090446 0.380289 0.920434 -1.179100 0.000000 0.000000 0.000000 1.000000
0.997907 -0.020621 0.061288 0.000000 0.041989 0.927436 -0.371617 9.465600 -0.049178 0.373412 0.926361 -1.179100 0.000000 0.000000 0.000000 1.000000
0.997723 -0.043752 0.051326 -0.000000 0.059809 0.925689 -0.373527 9.465600 -0.031169 0.375746 0.926198 -1.179100 0.000000 0.000000 0.000000 1.000000
0.996893 -0.062538 0.047892 0.000000 0.075838 0.926329 -0.369004 9.465600 -0.021287 0.371490 0.928193 -1.179100 0.000000 0.000000 0.000000 1.000000
0.995293 -0.086188 0.044315 0.000000 0.096402 0.927411 -0.361407 9.465600 -0.009949 0.363978 0.931354 -1.179100 0.000000 0.000000 0.000000 1.000000
0.992702 -0.113339 0.041196 0.000000 0.120583 0.928454 -0.351329 9.465600 0.001571 0.353732 0.935345 -1.179100 0.000000 0.000000 0.000000 1.000000
0.989014 -0.142234 0.040251 0.000000 0.147418 0.929021 -0.339395 9.465600 0.010880 0.341600 0.939783 -1.179100 0.000000 0.000000 0.000000 1.000000
0.984187 -0.172677 0.039490 0.000000 0.176041 0.928750 -0.326242 9.465600 0.019658 0.328035 0.944461 -1.179100 0.000000 0.000000 0.000000 1.000000
0.977929 -0.205251 0.039079 -0.000000 0.207091 0.927366 -0.311616 9.465600 0.027719 0.312831 0.949404 -1.179100 0.000000 0.000000 0.000000 1.000000
0.970841 -0.236842 0.037063 0.000000 0.237018 0.925175 -0.296434 9.465600 0.035918 0.296575 0.954334 -1.179100 0.000000 0.000000 0.000000 1.000000
0.964300 -0.262605 0.034119 0.000000 0.261333 0.922882 -0.282834 9.465600 0.042785 0.281653 0.958562 -1.179100 0.000000 0.000000 0.000000 1.000000
0.958957 -0.281724 0.032140 -0.000000 0.279622 0.920769 -0.272022 9.465600 0.047041 0.269844 0.961754 -1.179100 0.000000 0.000000 0.000000 1.000000
0.955761 -0.292791 0.028185 0.000000 0.289816 0.920990 -0.260355 9.465600 0.050272 0.257006 0.965101 -1.179100 0.000000 0.000000 0.000000 1.000000
0.953630 -0.299749 0.027209 0.000000 0.297355 0.924290 -0.239306 9.465600 0.046583 0.236300 0.970563 -1.179100 0.000000 0.000000 0.000000 1.000000
0.946553 -0.319038 0.047446 0.000000 0.321675 0.922918 -0.211536 9.465600 0.023700 0.215492 0.976218 -1.179100 0.000000 0.000000 0.000000 1.000000
0.945330 -0.321505 0.054635 0.000000 0.326024 0.927769 -0.181531 9.465600 0.007675 0.189419 0.981866 -1.179100 0.000000 0.000000 0.000000 1.000000
