<?xml version="1.0" encoding="utf-8"?>
<COLLADA xmlns="http://www.collada.org/2005/11/COLLADASchema" version="1.4.1">
  <asset>
    <contributor>
      <author>Mixamo</author>
      <authoring_tool>COLLADA Mixamo exporter</authoring_tool>
      <comments/>
    </contributor>
    <created>2024-06-01T16:30:48Z</created>
    <modified>2024-06-01T16:30:48Z</modified>
    <revision/>
    <title/>
    <unit meter="0.010000"/>
    <up_axis>Y_UP</up_axis>
  </asset>
  <library_animations>
    <animation id="mixamorig_Hips-anim" name="mixamorig_Hips">
      <source id="mixamorig_Hips-Matrix-animation-input">
        <float_array id="mixamorig_Hips-Matrix-animation-input-array" count="32">

0.000000 0.033333 0.066667 0.100000 0.133333 0.166667 0.200000 0.233333 0.266667 0.300000 0.333333 0.366667 0.400000 0.433333 0.466667 0.500000
0.533333 0.566667 0.600000 0.633333 0.666667 0.700000 0.733333 0.766667 0.800000 0.833333 0.866667 0.900000 0.933333 0.966667 1.000000 1.033333</float_array>
        <technique_common>
          <accessor source="#mixamorig_Hips-Matrix-animation-input-array" count="32">
            <param name="TIME" type="float"/>
          </accessor>
        </technique_common>
      </source>
      <source id="mixamorig_Hips-Matrix-animation-output-transform">
        <float_array id="mixamorig_Hips-Matrix-animation-output-transform-array" count="512">

0.838962 0.334969 0.428880 3.758857 0.033520 0.754802 -0.655096 68.533653 -0.543157 0.563977 0.622022 2.677242 0.000000 0.000000 0.000000 1.000000
0.869910 0.317733 0.377230 4.007638 0.007396 0.756356 -0.654119 68.495041 -0.493155 0.571815 0.655611 1.445769 0.000000 0.000000 0.000000 1.000000
0.897179 0.298392 0.325627 4.383764 -0.014122 0.756270 -0.654108 68.110077 -0.441442 0.582253 0.682723 0.840770 0.000000 0.000000 0.000000 1.000000
0.919942 0.280489 0.273920 4.616215 -0.034537 0.753943 -0.656032 67.902451 -0.390530 0.594051 0.703271 0.591346 0.000000 0.000000 0.000000 1.000000
0.935173 0.265451 0.234492 4.802350 -0.050737 0.755622 -0.653040 67.729004 -0.350537 0.598809 0.720105 0.552400 0.000000 0.000000 0.000000 1.000000
0.942739 0.256583 0.213090 4.907647 -0.063011 0.764403 -0.641652 67.572205 -0.327524 0.591484 0.736800 0.400321 0.000000 0.000000 0.000000 1.000000
0.942047 0.256410 0.216337 4.791780 -0.067682 0.776855 -0.626031 67.486038 -0.328583 0.575109 0.749188 0.069701 0.000000 0.000000 0.000000 1.000000
0.932244 0.263636 0.247825 4.393264 -0.058593 0.785874 -0.615604 67.393723 -0.357055 0.559372 0.748074 -0.180772 0.000000 0.000000 0.000000 1.000000
0.915085 0.275371 0.294602 3.871562 -0.038040 0.786237 -0.616753 67.251785 -0.401463 0.553175 0.729949 -0.166310 0.000000 0.000000 0.000000 1.000000
0.897171 0.284991 0.337437 3.526231 -0.012487 0.780042 -0.625603 66.934891 -0.441507 0.557059 0.703390 -0.103619 0.000000 0.000000 0.000000 1.000000
0.882679 0.293966 0.366691 3.394860 0.003717 0.775842 -0.630916 66.372025 -0.469962 0.558259 0.683727 -0.253439 0.000000 0.000000 0.000000 1.000000
0.869185 0.306179 0.388292 3.167077 0.009184 0.775113 -0.631755 66.500519 -0.494401 0.552678 0.670906 -0.577188 0.000000 0.000000 0.000000 1.000000
0.853489 0.315028 0.415107 2.902510 0.020666 0.775492 -0.631019 66.932755 -0.520700 0.547146 0.655364 -1.153571 0.000000 0.000000 0.000000 1.000000
0.835946 0.319090 0.446516 2.647274 0.042882 0.773140 -0.632784 67.367050 -0.547134 0.548121 0.632620 -1.813042 0.000000 0.000000 0.000000 1.000000
0.816287 0.329319 0.474577 2.383202 0.062533 0.766365 -0.639355 67.524231 -0.574251 0.551574 0.604981 -2.759342 0.000000 0.000000 0.000000 1.000000
0.793782 0.349544 0.497724 2.052223 0.075109 0.755752 -0.650537 67.745262 -0.603547 0.553768 0.573648 -3.830466 0.000000 0.000000 0.000000 1.000000
0.768161 0.374590 0.519241 1.732422 0.087647 0.741831 -0.664835 68.112724 -0.634230 0.556210 0.537013 -4.797327 0.000000 0.000000 0.000000 1.000000
0.740204 0.400741 0.539912 1.565143 0.102197 0.726601 -0.679417 68.412529 -0.664571 0.558084 0.496878 -5.364128 0.000000 0.000000 0.000000 1.000000
0.709781 0.423256 0.563085 1.664198 0.118220 0.716446 -0.687553 68.123039 -0.694431 0.554581 0.458482 -5.024723 0.000000 0.000000 0.000000 1.000000
0.678539 0.444966 0.584457 1.963834 0.130456 0.710006 -0.692006 68.025528 -0.722887 0.545799 0.423718 -4.374439 0.000000 0.000000 0.000000 1.000000
0.652848 0.459542 0.602172 2.300738 0.135297 0.711433 -0.689607 68.106636 -0.745308 0.531680 0.402283 -3.658132 0.000000 0.000000 0.000000 1.000000
0.635444 0.468216 0.613991 2.638177 0.127913 0.720354 -0.681709 67.985680 -0.761478 0.511726 0.397854 -2.803012 0.000000 0.000000 0.000000 1.000000
0.621106 0.474033 0.624115 3.010010 0.115963 0.731992 -0.671372 67.433609 -0.775100 0.489368 0.399675 -1.874479 0.000000 0.000000 0.000000 1.000000
0.612069 0.476978 0.630765 3.313361 0.100007 0.744534 -0.660051 66.605286 -0.784456 0.467078 0.408005 -0.927153 0.000000 0.000000 0.000000 1.000000
0.609630 0.477144 0.632997 3.490342 0.081820 0.756404 -0.648967 66.003761 -0.788452 0.447422 0.422087 0.246964 0.000000 0.000000 0.000000 1.000000
0.617296 0.475005 0.627148 3.565367 0.060160 0.766323 -0.639632 65.881416 -0.784427 0.432572 0.444472 1.499424 0.000000 0.000000 0.000000 1.000000
0.635916 0.471635 0.610878 3.628550 0.034652 0.773293 -0.633102 65.955231 -0.770980 0.423768 0.475406 2.386585 0.000000 0.000000 0.000000 1.000000
0.685360 0.458047 0.566105 3.470368 0.004562 0.774683 -0.632333 66.274597 -0.728190 0.435958 0.528847 3.118331 0.000000 0.000000 0.000000 1.000000
0.730196 0.429511 0.531351 3.156835 0.007261 0.772773 -0.634641 67.230667 -0.683199 0.467270 0.561157 3.556568 0.000000 0.000000 0.000000 1.000000
0.768864 0.400529 0.498422 2.996499 0.016038 0.767175 -0.641238 67.873711 -0.639211 0.501018 0.583429 3.514978 0.000000 0.000000 0.000000 1.000000
0.798011 0.373732 0.472762 3.075283 0.028985 0.759770 -0.649546 68.303070 -0.601946 0.532047 0.595472 3.244461 0.000000 0.000000 0.000000 1.000000
0.823881 0.348202 0.447187 3.462703 0.036066 0.755210 -0.654490 68.507385 -0.565615 0.555350 0.609644 2.829562 0.000000 0.000000 0.000000 1.000000</float_array>
        <technique_common>
          <accessor source="#mixamorig_Hips-Matrix-animation-output-transform-array" count="32" stride="16">
            <param type="float4x4"/>
          </accessor>
        </technique_common>
      </source>
      <source id="mixamorig_Hips-Interpolations">
        <Name_array id="mixamorig_Hips-Interpolations-array" count="32">
 LINEAR LINEAR LINEAR LINEAR LINEAR LINEAR LINEAR LINEAR LINEAR LINEAR LINEAR
LINEAR LINEAR LINEAR LINEAR LINEAR LINEAR LINEAR LINEAR LINEAR LINEAR LINEAR LINEAR
LINEAR LINEAR LINEAR LINEAR LINEAR LINEAR LINEAR LINEAR LINEAR</Name_array>
        <technique_common>
          <accessor source="#mixamorig_Hips-Interpolations-array" count="32">
            <param type="name"/>
          </accessor>
        </technique_common>
      </source>
      <sampler id="mixamorig_Hips-Matrix-animation-transform">
        <input semantic="INPUT" source="#mixamorig_Hips-Matrix-animation-input"/>
        <input semantic="OUTPUT" source="#mixamorig_Hips-Matrix-animation-output-transform"/>
        <input semantic="INTERPOLATION" source="#mixamorig_Hips-Interpolations"/>
      </sampler>
      <channel source="#mixamorig_Hips-Matrix-animation-transform" target="mixamorig_Hips/matrix"/>
    </animation>
    <animation id="mixamorig_Spine-anim" name="mixamorig_Spine">
      <source id="mixamorig_Spine-Matrix-animation-input">
        <float_array id="mixamorig_Spine-Matrix-animation-input-array" count="32">

0.000000 0.033333 0.066667 0.100000 0.133333 0.166667 0.200000 0.233333 0.266667 0.300000 0.333333 0.366667 0.400000 0.433333 0.466667 0.500000
0.533333 0.566667 0.600000 0.633333 0.666667 0.700000 0.733333 0.766667 0.800000 0.833333 0.866667 0.900000 0.933333 0.966667 1.000000 1.033333</float_array>
        <technique_common>
          <accessor source="#mixamorig_Spine-Matrix-animation-input-array" count="32">
            <param name="TIME" type="float"/>
          </accessor>
        </technique_common>
      </source>
      <source id="mixamorig_Spine-Matrix-animation-output-transform">
        <float_array id="mixamorig_Spine-Matrix-animation-output-transform-array" count="512">

0.999103 0.010974 0.040910 0.000000 0.002350 0.949999 -0.312243 10.871300 -0.042291 0.312059 0.949121 -0.951400 0.000000 0.000000 0.000000 1.000000
0.996728 0.031640 0.074377 0.000000 -0.006265 0.947672 -0.319185 10.871300 -0.080584 0.317675 0.944769 -0.951400 0.000000 0.000000 0.000000 1.000000
0.992624 0.060369 0.105136 0.000000 -0.024228 0.948492 -0.315872 10.871300 -0.118790 0.310995 0.942959 -0.951400 0.000000 0.000000 0.000000 1.000000
0.986924 0.093083 0.131594 0.000000 -0.048900 0.950830 -0.305828 10.871300 -0.153591 0.295394 0.942949 -0.951400 0.000000 0.000000 0.000000 1.000000
0.980821 0.123085 0.151129 0.000000 -0.074101 0.952635 -0.294949 10.871300 -0.180275 0.278093 0.943486 -0.951400 0.000000 0.000000 0.000000 1.000000
0.976531 0.143200 0.160874 0.000000 -0.092457 0.953344 -0.287381 10.871300 -0.194521 0.265762 0.944210 -0.951400 0.000000 0.000000 0.000000 1.000000
0.975530 0.151215 0.159611 0.000000 -0.101734 0.953999 -0.282023 10.871300 -0.194914 0.258884 0.946038 -0.951400 0.000000 0.000000 0.000000 1.000000
0.977371 0.151233 0.147903 -0.000000 -0.106187 0.955479 -0.275290 10.871300 -0.182951 0.253355 0.949916 -0.951400 0.000000 0.000000 0.000000 1.000000
0.980653 0.147715 0.128452 0.000000 -0.109290 0.957542 -0.266776 10.871300 -0.162405 0.247576 0.955160 -0.951400 0.000000 0.000000 0.000000 1.000000
0.984173 0.141622 0.106523 -0.000000 -0.109670 0.958916 -0.261636 10.871300 -0.139200 0.245813 0.959270 -0.951400 0.000000 0.000000 0.000000 1.000000
0.987706 0.129865 0.087012 0.000000 -0.102628 0.958577 -0.265701 10.871300 -0.117913 0.253505 0.960121 -0.951400 0.000000 0.000000 0.000000 1.000000
0.991199 0.111334 0.071615 0.000000 -0.087270 0.956351 -0.278884 10.871300 -0.099539 0.270180 0.957651 -0.951400 0.000000 0.000000 0.000000 1.000000
0.994195 0.088593 0.061052 0.000000 -0.066843 0.953236 -0.294742 10.871300 -0.084309 0.288951 0.953624 -0.951400 0.000000 0.000000 0.000000 1.000000
0.996250 0.064358 0.057820 0.000000 -0.043618 0.950788 -0.306758 10.871300 -0.074717 0.303085 0.950030 -0.951400 0.000000 0.000000 0.000000 1.000000
0.997351 0.043330 0.058422 -0.000000 -0.022881 0.949320 -0.313477 10.871300 -0.069044 0.311310 0.947797 -0.951400 0.000000 0.000000 0.000000 1.000000
0.997894 0.023008 0.060643 0.000000 -0.002661 0.948706 -0.316148 10.871300 -0.064806 0.315321 0.946770 -0.951400 0.000000 0.000000 0.000000 1.000000
0.998219 0.003543 0.059543 0.000000 0.015437 0.948877 -0.315267 10.871300 -0.057616 0.315625 0.947133 -0.951400 0.000000 0.000000 0.000000 1.000000
0.998615 -0.012749 0.051050 0.000000 0.027989 0.950265 -0.310181 10.871300 -0.044556 0.311180 0.949306 -0.951400 0.000000 0.000000 0.000000 1.000000
0.999013 -0.027587 0.034808 -0.000000 0.036813 0.952773 -0.301445 10.871300 -0.024849 0.302429 0.952848 -0.951400 0.000000 0.000000 0.000000 1.000000
0.998820 -0.046069 0.015340 0.000000 0.048540 0.955343 -0.291486 10.871300 -0.001226 0.291886 0.956452 -0.951400 0.000000 0.000000 0.000000 1.000000
0.997591 -0.069361 0.000960 0.000000 0.066805 0.956915 -0.282579 10.871300 0.018681 0.281963 0.959243 -0.951400 0.000000 0.000000 0.000000 1.000000
0.996196 -0.087137 -0.000461 -0.000000 0.083619 0.957430 -0.276290 10.871300 0.024516 0.275200 0.961074 -0.951400 0.000000 0.000000 0.000000 1.000000
0.995010 -0.099660 0.004816 0.000000 0.097244 0.957828 -0.270388 10.871300 0.022334 0.269507 0.962739 -0.951400 0.000000 0.000000 0.000000 1.000000
0.993335 -0.114865 0.009588 0.000000 0.113291 0.957613 -0.264843 10.871300 0.021240 0.264164 0.964244 -0.951400 0.000000 0.000000 0.000000 1.000000
0.991872 -0.126196 0.016253 0.000000 0.126025 0.956776 -0.262101 10.871300 0.017526 0.262019 0.964904 -0.951400 0.000000 0.000000 0.000000 1.000000
0.990597 -0.134668 0.024133 0.000000 0.136272 0.955522 -0.261548 10.871300 0.012163 0.262377 0.964889 -0.951400 0.000000 0.000000 0.000000 1.000000
0.989553 -0.140913 0.030458 0.000000 0.143910 0.952872 -0.267067 10.871300 0.008611 0.268661 0.963196 -0.951400 0.000000 0.000000 0.000000 1.000000
0.992221 -0.120007 0.033111 0.000000 0.124469 0.951308 -0.281994 10.871300 0.002343 0.283922 0.958845 -0.951400 0.000000 0.000000 0.000000 1.000000
0.996007 -0.081897 0.035536 0.000000 0.088776 0.950607 -0.297432 10.871300 -0.009422 0.299399 0.954081 -0.951400 0.000000 0.000000 0.000000 1.000000
0.998392 -0.042474 0.037536 -0.000000 0.051987 0.950046 -0.307750 10.871300 -0.022589 0.309207 0.950727 -0.951400 0.000000 0.000000 0.000000 1.000000
0.999168 -0.013434 0.038515 0.000000 0.024790 0.949821 -0.311809 10.871300 -0.032394 0.312504 0.949364 -0.951400 0.000000 0.000000 0.000000 1.000000
0.999203 0.004845 0.039618 -0.000000 0.007778 0.949942 -0.312330 10.871300 -0.039148 0.312389 0.949147 -0.951400 0.000000 0.000000 0.000000 1.000000</float_array>
        <technique_common>
          <accessor source="#mixamorig_Spine-Matrix-animation-output-transform-array" count="32" stride="16">
            <param type="float4x4"/>
          </accessor>
        </technique_common>
      </source>
      <source id="mixamorig_Spine-Interpolations">
        <Name_array id="mixamorig_Spine-Interpolations-array" count="32">
 LINEAR LINEAR LINEAR LINEAR LINEAR LINEAR LINEAR LINEAR LINEAR LINEAR LINEAR
LINEAR LINEAR LINEAR LINEAR LINEAR LINEAR LINEAR LINEAR LINEAR LINEAR LINEAR LINEAR
LINEAR LINEAR LINEAR LINEAR LINEAR LINEAR LINEAR LINEAR LINEAR</Name_array>
        <technique_common>
          <accessor source="#mixamorig_Spine-Interpolations-array" count="32">
            <param type="name"/>
          </accessor>
        </technique_common>
      </source>
      <sampler id="mixamorig_Spine-Matrix-animation-transform">
        <input semantic="INPUT" source="#mixamorig_Spine-Matrix-animation-input"/>
        <input semantic="OUTPUT" source="#mixamorig_Spine-Matrix-animation-output-transform"/>
        <input semantic="INTERPOLATION" source="#mixamorig_Spine-Interpolations"/>
      </sampler>
      <channel source="#mixamorig_Spine-Matrix-animation-transform" target="mixamorig_Spine/matrix"/>
    </animation>
    <animation id="mixamorig_Spine1-anim" name="mixamorig_Spine1">
      <source id="mixamorig_Spine1-Matrix-animation-input">
        <float_array id="mixamorig_Spine1-Matrix-animation-input-array" count="32">

0.000000 0.033333 0.066667 0.100000 0.133333 0.166667 0.200000 0.233333 0.266667 0.300000 0.333333 0.366667 0.400000 0.433333 0.466667 0.500000
0.533333 0.566667 0.600000 0.633333 0.666667 0.700000 0.733333 0.766667 0.800000 0.833333 0.866667 0.900000 0.933333 0.966667 1.000000 1.033333</float_array>
        <technique_common>
          <accessor source="#mixamorig_Spine1-Matrix-animation-input-array" count="32">
            <param name="TIME" type="float"/>
          </accessor>
        </technique_common>
      </source>
      <source id="mixamorig_Spine1-Matrix-animation-output-transform">
        <float_array id="mixamorig_Spine1-Matrix-animation-output-transform-array" count="512">

0.999985 0.003825 0.003892 0.000000 -0.002731 0.968241 -0.250003 12.731600 -0.004725 0.249988 0.968237 -0.000000 0.000000 0.000000 0.000000 1.000000
0.999951 0.006045 0.007827 0.000000 -0.003861 0.967249 -0.253800 12.731600 -0.009105 0.253757 0.967225 0.000000 0.000000 0.000000 0.000000 1.000000
0.999883 0.009632 0.011890 0.000000 -0.006312 0.967452 -0.252975 12.731600 -0.013940 0.252870 0.967400 0.000000 0.000000 0.000000 0.000000 1.000000
0.999770 0.013746 0.016439 0.000000 -0.009226 0.968516 -0.248779 12.731600 -0.019341 0.248571 0.968421 0.000000 0.000000 0.000000 0.000000 1.000000
0.999609 0.017435 0.021880 -0.000000 -0.011590 0.969865 -0.243365 12.731600 -0.025464 0.243016 0.969688 -0.000000 0.000000 0.000000 0.000000 1.000000
0.999406 0.020258 0.027879 0.000000 -0.013013 0.970924 -0.239035 12.731600 -0.031911 0.238531 0.970611 0.000000 0.000000 0.000000 0.000000 1.000000
0.999205 0.022329 0.033029 -0.000000 -0.013869 0.971381 -0.237121 12.731600 -0.037378 0.236474 0.970918 0.000000 0.000000 0.000000 0.000000 1.000000
0.999084 0.023590 0.035710 -0.000000 -0.014440 0.971254 -0.237608 12.731600 -0.040289 0.236874 0.970705 -0.000000 0.000000 0.000000 0.000000 1.000000
0.999095 0.023498 0.035449 -0.000000 -0.014327 0.970748 -0.239672 12.731600 -0.040043 0.238947 0.970207 -0.000000 0.000000 0.000000 0.000000 1.000000
0.999211 0.021653 0.033299 -0.000000 -0.012930 0.969998 -0.242769 12.731600 -0.037557 0.242147 0.969512 -0.000000 0.000000 0.000000 0.000000 1.000000
0.999354 0.018505 0.030823 -0.000000 -0.010325 0.968971 -0.246958 12.731600 -0.034436 0.246480 0.968536 -0.000000 0.000000 0.000000 0.000000 1.000000
0.999472 0.015120 0.028754 0.000000 -0.007391 0.967709 -0.251961 12.731600 -0.031635 0.251615 0.967310 -0.000000 0.000000 0.000000 0.000000 1.000000
0.999567 0.012243 0.026750 -0.000000 -0.004968 0.966481 -0.256691 12.731600 -0.028996 0.256447 0.966123 -0.000000 0.000000 0.000000 0.000000 1.000000
0.999657 0.009626 0.024344 0.000000 -0.002956 0.965491 -0.260419 12.731600 -0.026011 0.260257 0.965189 -0.000000 0.000000 0.000000 0.000000 1.000000
0.999740 0.006383 0.021868 0.000000 -0.000390 0.964600 -0.263718 12.731600 -0.022777 0.263641 0.964352 -0.000000 0.000000 0.000000 0.000000 1.000000
0.999793 0.002197 0.020215 0.000000 0.003284 0.963648 -0.267154 12.731600 -0.020067 0.267165 0.963442 0.000000 0.000000 0.000000 0.000000 1.000000
0.999804 -0.001714 0.019730 -0.000000 0.006968 0.962995 -0.269429 12.731600 -0.018538 0.269514 0.962818 0.000000 0.000000 0.000000 0.000000 1.000000
0.999802 -0.003239 0.019626 -0.000000 0.008385 0.963325 -0.268207 12.731600 -0.018038 0.268319 0.963161 0.000000 0.000000 0.000000 0.000000 1.000000
0.999824 -0.001289 0.018731 0.000000 0.006170 0.964795 -0.262931 12.731600 -0.017733 0.263000 0.964633 0.000000 0.000000 0.000000 0.000000 1.000000
0.999855 0.003070 0.016758 -0.000000 0.001317 0.966763 -0.255673 12.731600 -0.016986 0.255657 0.966618 -0.000000 0.000000 0.000000 0.000000 1.000000
0.999866 0.007509 0.014524 -0.000000 -0.003658 0.968519 -0.248911 12.731600 -0.015936 0.248824 0.968417 0.000000 0.000000 0.000000 0.000000 1.000000
0.999872 0.009035 0.013213 0.000000 -0.005534 0.969693 -0.244265 12.731600 -0.015019 0.244160 0.969619 -0.000000 0.000000 0.000000 0.000000 1.000000
0.999901 0.006686 0.012386 0.000000 -0.003509 0.970604 -0.240655 12.731600 -0.013631 0.240587 0.970532 0.000000 0.000000 0.000000 0.000000 1.000000
0.999929 0.003150 0.011464 0.000000 -0.000336 0.971369 -0.237577 12.731600 -0.011884 0.237557 0.971301 0.000000 0.000000 0.000000 0.000000 1.000000
0.999940 -0.002287 0.010712 0.000000 0.004754 0.971662 -0.236326 12.731600 -0.009868 0.236363 0.971615 -0.000000 0.000000 0.000000 0.000000 1.000000
0.999908 -0.009236 0.009900 -0.000000 0.011316 0.971581 -0.236435 12.731600 -0.007434 0.236526 0.971597 0.000000 0.000000 0.000000 0.000000 1.000000
0.999837 -0.015764 0.008822 0.000000 0.017417 0.970774 -0.239364 12.731600 -0.004790 0.239478 0.970890 0.000000 0.000000 0.000000 0.000000 1.000000
0.999876 -0.013886 0.007372 -0.000000 0.015268 0.969496 -0.244632 12.731600 -0.003750 0.244714 0.969588 -0.000000 0.000000 0.000000 0.000000 1.000000
0.999954 -0.007520 0.006033 -0.000000 0.008787 0.968336 -0.249497 12.731600 -0.003966 0.249538 0.968357 0.000000 0.000000 0.000000 0.000000 1.000000
0.999986 -0.000860 0.005180 0.000000 0.002139 0.967662 -0.252243 12.731600 -0.004796 0.252251 0.967650 0.000000 0.000000 0.000000 0.000000 1.000000
0.999984 0.003054 0.004704 0.000000 -0.001768 0.967615 -0.252423 12.731600 -0.005323 0.252411 0.967606 0.000000 0.000000 0.000000 0.000000 1.000000
0.999982 0.004132 0.004238 0.000000 -0.002936 0.967987 -0.250982 12.731600 -0.005139 0.250965 0.967983 0.000000 0.000000 0.000000 0.000000 1.000000</float_array>
        <technique_common>
          <accessor source="#mixamorig_Spine1-Matrix-animation-output-transform-array" count="32" stride="16">
            <param type="float4x4"/>
          </accessor>
        </technique_common>
      </source>
      <source id="mixamorig_Spine1-Interpolations">
        <Name_array id="mixamorig_Spine1-Interpolations-array" count="32">
 LINEAR LINEAR LINEAR LINEAR LINEAR LINEAR LINEAR LINEAR LINEAR LINEAR LINEAR
LINEAR LINEAR LINEAR LINEAR LINEAR LINEAR LINEAR LINEAR LINEAR LINEAR LINEAR LINEAR
LINEAR LINEAR LINEAR LINEAR LINEAR LINEAR LINEAR LINEAR LINEAR</Name_array>
        <technique_common>
          <accessor source="#mixamorig_Spine1-Interpolations-array" count="32">
            <param type="name"/>
          </accessor>
        </technique_common>
      </source>
      <sampler id="mixamorig_Spine1-Matrix-animation-transform">
        <input semantic="INPUT" source="#mixamorig_Spine1-Matrix-animation-input"/>
        <input semantic="OUTPUT" source="#mixamorig_Spine1-Matrix-animation-output-transform"/>
        <input semantic="INTERPOLATION" source="#mixamorig_Spine1-Interpolations"/>
      </sampler>
      <channel source="#mixamorig_Spine1-Matrix-animation-transform" target="mixamorig_Spine1/matrix"/>
    </animation>
    <animation id="mixamorig_Spine2-anim" name="mixamorig_Spine2">
      <source id="mixamorig_Spine2-Matrix-animation-input">
        <float_array id="mixamorig_Spine2-Matrix-animation-input-array" count="32">

0.000000 0.033333 0.066667 0.100000 0.133333 0.166667 0.200000 0.233333 0.266667 0.300000 0.333333 0.366667 0.400000 0.433333 0.466667 0.500000
0.533333 0.566667 0.600000 0.633333 0.666667 0.700000 0.733333 0.766667 0.800000 0.833333 0.866667 0.900000 0.933333 0.966667 1.000000 1.033333</float_array>
        <technique_common>
          <accessor source="#mixamorig_Spine2-Matrix-animation-input-array" count="32">
            <param name="TIME" type="float"/>
          </accessor>
        </technique_common>
      </source>
      <source id="mixamorig_Spine2-Matrix-animation-output-transform">
        <float_array id="mixamorig_Spine2-Matrix-animation-output-transform-array" count="512">

0.999989 0.002969 0.003637 0.000000 -0.002018 0.971278 -0.237938 14.550400 -0.004238 0.237928 0.971273 0.000000 0.000000 0.000000 0.000000 1.000000
0.999955 0.005581 0.007656 0.000000 -0.003565 0.970328 -0.241765 14.550400 -0.008778 0.241727 0.970305 0.000000 0.000000 0.000000 0.000000 1.000000
0.999885 0.009711 0.011639 -0.000000 -0.006621 0.970512 -0.240964 14.550400 -0.013636 0.240859 0.970464 0.000000 0.000000 0.000000 0.000000 1.000000
0.999767 0.014515 0.015996 0.000000 -0.010316 0.971507 -0.236788 14.550400 -0.018978 0.236568 0.971430 -0.000000 0.000000 0.000000 0.000000 1.000000
0.999595 0.018986 0.021204 -0.000000 -0.013568 0.972766 -0.231394 14.550400 -0.025020 0.231012 0.972629 0.000000 0.000000 0.000000 0.000000 1.000000
0.999381 0.022571 0.026992 0.000000 -0.015859 0.973746 -0.227085 14.550400 -0.031409 0.226516 0.973501 0.000000 0.000000 0.000000 0.000000 1.000000
0.999169 0.025260 0.031997 0.000000 -0.017417 0.974160 -0.225187 14.550400 -0.036859 0.224442 0.973790 0.000000 0.000000 0.000000 0.000000 1.000000
0.999038 0.026913 0.034621 0.000000 -0.018419 0.974028 -0.225679 14.550400 -0.039795 0.224824 0.973586 0.000000 0.000000 0.000000 0.000000 1.000000
0.999045 0.026981 0.034368 0.000000 -0.018458 0.973547 -0.227740 14.550400 -0.039603 0.226888 0.973115 0.000000 0.000000 0.000000 0.000000 1.000000
0.999164 0.025136 0.032245 -0.000000 -0.017024 0.972843 -0.230840 14.550400 -0.037171 0.230098 0.972457 0.000000 0.000000 0.000000 0.000000 1.000000
0.999316 0.021924 0.029783 -0.000000 -0.014317 0.971880 -0.235041 14.550400 -0.034099 0.234454 0.971529 0.000000 0.000000 0.000000 0.000000 1.000000
0.999445 0.018469 0.027740 0.000000 -0.011274 0.970692 -0.240062 14.550400 -0.031361 0.239616 0.970361 0.000000 0.000000 0.000000 0.000000 1.000000
0.999547 0.015496 0.025815 -0.000000 -0.008708 0.969535 -0.244799 14.550400 -0.028822 0.244463 0.969230 0.000000 0.000000 0.000000 0.000000 1.000000
0.999642 0.012725 0.023539 0.000000 -0.006479 0.968606 -0.248515 14.550400 -0.025962 0.248273 0.968342 -0.000000 0.000000 0.000000 0.000000 1.000000
0.999733 0.009276 0.021176 0.000000 -0.003647 0.967774 -0.251793 14.550400 -0.022829 0.251648 0.967549 0.000000 0.000000 0.000000 0.000000 1.000000
0.999797 0.004870 0.019526 0.000000 0.000275 0.966886 -0.255209 14.550400 -0.020122 0.255163 0.966689 0.000000 0.000000 0.000000 0.000000 1.000000
0.999821 0.000720 0.018886 0.000000 0.004167 0.966278 -0.257468 14.550400 -0.018435 0.257501 0.966102 0.000000 0.000000 0.000000 0.000000 1.000000
0.999828 -0.001098 0.018512 0.000000 0.005806 0.966597 -0.256234 14.550400 -0.017612 0.256298 0.966437 -0.000000 0.000000 0.000000 0.000000 1.000000
0.999850 0.000506 0.017309 0.000000 0.003855 0.967993 -0.250946 14.550400 -0.016882 0.250975 0.967846 -0.000000 0.000000 0.000000 0.000000 1.000000
0.999878 0.004563 0.014957 0.000000 -0.000781 0.969857 -0.243673 14.550400 -0.015618 0.243631 0.969742 -0.000000 0.000000 0.000000 0.000000 1.000000
0.999887 0.008856 0.012140 0.000000 -0.005729 0.971524 -0.236874 14.550400 -0.013893 0.236778 0.971465 0.000000 0.000000 0.000000 0.000000 1.000000
0.999894 0.010390 0.010241 0.000000 -0.007729 0.972646 -0.232165 14.550400 -0.012373 0.232061 0.972622 0.000000 0.000000 0.000000 0.000000 1.000000
0.999924 0.008028 0.009348 -0.000000 -0.005680 0.973525 -0.228509 14.550400 -0.010935 0.228438 0.973497 0.000000 0.000000 0.000000 0.000000 1.000000
0.999953 0.004489 0.008558 -0.000000 -0.002444 0.974263 -0.225403 14.550400 -0.009349 0.225372 0.974228 0.000000 0.000000 0.000000 0.000000 1.000000
0.999966 -0.000945 0.008241 -0.000000 0.002768 0.974550 -0.224152 14.550400 -0.007819 0.224167 0.974519 0.000000 0.000000 0.000000 0.000000 1.000000
0.999935 -0.007921 0.008173 0.000000 0.009553 0.974474 -0.224297 14.550400 -0.006188 0.224360 0.974487 -0.000000 0.000000 0.000000 0.000000 1.000000
0.999865 -0.014459 0.007850 0.000000 0.015865 0.973697 -0.227294 14.550400 -0.004357 0.227388 0.973795 0.000000 0.000000 0.000000 0.000000 1.000000
0.999898 -0.012813 0.006290 0.000000 0.013925 0.972477 -0.232584 14.550400 -0.003137 0.232648 0.972556 0.000000 0.000000 0.000000 0.000000 1.000000
0.999965 -0.006910 0.004650 0.000000 0.007817 0.971370 -0.237442 14.550400 -0.002877 0.237470 0.971391 0.000000 0.000000 0.000000 0.000000 1.000000
0.999993 -0.000802 0.003729 -0.000000 0.001674 0.970727 -0.240180 14.550400 -0.003427 0.240184 0.970721 0.000000 0.000000 0.000000 0.000000 1.000000
0.999990 0.002640 0.003549 0.000000 -0.001710 0.970682 -0.240362 14.550400 -0.004079 0.240354 0.970677 0.000000 0.000000 0.000000 0.000000 1.000000
0.999988 0.003383 0.003638 0.000000 -0.002416 0.971035 -0.238923 14.550400 -0.004341 0.238911 0.971032 0.000000 0.000000 0.000000 0.000000 1.000000</float_array>
        <technique_common>
          <accessor source="#mixamorig_Spine2-Matrix-animation-output-transform-array" count="32" stride="16">
            <param type="float4x4"/>
          </accessor>
        </technique_common>
      </source>
      <source id="mixamorig_Spine2-Interpolations">
        <Name_array id="mixamorig_Spine2-Interpolations-array" count="32">
 LINEAR LINEAR LINEAR LINEAR LINEAR LINEAR LINEAR LINEAR LINEAR LINEAR LINEAR
LINEAR LINEAR LINEAR LINEAR LINEAR LINEAR LINEAR LINEAR LINEAR LINEAR LINEAR LINEAR
LINEAR LINEAR LINEAR LINEAR LINEAR LINEAR LINEAR LINEAR LINEAR</Name_array>
        <technique_common>
          <accessor source="#mixamorig_Spine2-Interpolations-array" count="32">
            <param type="name"/>
          </accessor>
        </technique_common>
      </source>
      <sampler id="mixamorig_Spine2-Matrix-animation-transform">
        <input semantic="INPUT" source="#mixamorig_Spine2-Matrix-animation-input"/>
        <input semantic="OUTPUT" source="#mixamorig_Spine2-Matrix-animation-output-transform"/>
        <input semantic="INTERPOLATION" source="#mixamorig_Spine2-Interpolations"/>
      </sampler>
      <channel source="#mixamorig_Spine2-Matrix-animation-transform" target="mixamorig_Spine2/matrix"/>
    </animation>
    <animation id="mixamorig_Neck-anim" name="mixamorig_Neck">
      <source id="mixamorig_Neck-Matrix-animation-input">
        <float_array id="mixamorig_Neck-Matrix-animation-input-array" count="32">

0.000000 0.033333 0.066667 0.100000 0.133333 0.166667 0.200000 0.233333 0.266667 0.300000 0.333333 0.366667 0.400000 0.433333 0.466667 0.500000
0.533333 0.566667 0.600000 0.633333 0.666667 0.700000 0.733333 0.766667 0.800000 0.833333 0.866667 0.900000 0.933333 0.966667 1.000000 1.033333</float_array>
        <technique_common>
          <accessor source="#mixamorig_Neck-Matrix-animation-input-array" count="32">
            <param name="TIME" type="float"/>
          </accessor>
        </technique_common>
      </source>
      <source id="mixamorig_Neck-Matrix-animation-output-transform">
        <float_array id="mixamorig_Neck-Matrix-animation-output-transform-array" count="512">

0.993736 0.041728 -0.103673 0.000000 -0.019143 0.977523 0.209956 16.369200 0.110104 -0.206656 0.972199 -0.000000 0.000000 0.000000 0.000000 1.000000
0.993950 0.047386 -0.099087 0.000000 -0.023560 0.973131 0.229043 16.369200 0.107278 -0.225323 0.968360 0.000000 0.000000 0.000000 0.000000 1.000000
0.994083 0.057709 -0.092029 -0.000000 -0.033180 0.968032 0.248622 16.369200 0.103435 -0.244097 0.964219 0.000000 0.000000 0.000000 0.000000 1.000000
0.994205 0.065670 -0.085113 -0.000000 -0.042058 0.966230 0.254225 16.369200 0.098933 -0.249172 0.963393 0.000000 0.000000 0.000000 0.000000 1.000000
0.994467 0.067416 -0.080565 -0.000000 -0.046859 0.971065 0.234175 16.369200 0.094021 -0.229104 0.968851 -0.000000 0.000000 0.000000 0.000000 1.000000
0.994874 0.063446 -0.078749 0.000000 -0.047611 0.980869 0.188759 16.369200 0.089218 -0.184042 0.978861 0.000000 0.000000 0.000000 0.000000 1.000000
0.995405 0.054688 -0.078595 0.000000 -0.043886 0.990127 0.133124 16.369200 0.085100 -0.129063 0.987978 -0.000000 0.000000 0.000000 0.000000 1.000000
0.996031 0.040059 -0.079478 0.000000 -0.032688 0.995226 0.091961 16.369200 0.082782 -0.088998 0.992586 -0.000000 0.000000 0.000000 0.000000 1.000000
0.996443 0.020513 -0.081737 0.000000 -0.013266 0.996011 0.088243 16.369200 0.083221 -0.086845 0.992740 0.000000 0.000000 0.000000 0.000000 1.000000
0.996347 0.003030 -0.085342 -0.000000 0.007981 0.991693 0.128379 16.369200 0.085022 -0.128591 0.988046 -0.000000 0.000000 0.000000 0.000000 1.000000
0.996039 -0.003070 -0.088860 0.000000 0.020245 0.980984 0.193032 16.369200 0.086577 -0.194067 0.977160 0.000000 0.000000 0.000000 0.000000 1.000000
0.995878 0.005298 -0.090543 -0.000000 0.017386 0.968630 0.247897 16.369200 0.089016 -0.248450 0.964546 -0.000000 0.000000 0.000000 0.000000 1.000000
0.995670 0.021173 -0.090510 0.000000 0.004199 0.962473 0.271346 16.369200 0.092858 -0.270552 0.958217 0.000000 0.000000 0.000000 0.000000 1.000000
0.995275 0.033538 -0.091120 -0.000000 -0.007515 0.962246 0.272076 16.369200 0.096805 -0.270106 0.957952 -0.000000 0.000000 0.000000 0.000000 1.000000
0.994814 0.037068 -0.094716 0.000000 -0.009335 0.960569 0.277884 16.369200 0.101282 -0.275559 0.955934 0.000000 0.000000 0.000000 0.000000 1.000000
0.994256 0.034227 -0.101405 -0.000000 -0.001688 0.952382 0.304903 16.369200 0.107013 -0.302981 0.946969 -0.000000 0.000000 0.000000 0.000000 1.000000
0.993604 0.027775 -0.109448 0.000000 0.011126 0.940475 0.339681 16.369200 0.112368 -0.338726 0.934151 -0.000000 0.000000 0.000000 0.000000 1.000000
0.992988 0.015076 -0.117252 0.000000 0.027775 0.934319 0.355353 16.369200 0.114908 -0.356118 0.927349 0.000000 0.000000 0.000000 0.000000 1.000000
0.992190 -0.007721 -0.124499 0.000000 0.050059 0.938831 0.340721 16.369200 0.114252 -0.344292 0.931885 -0.000000 0.000000 0.000000 0.000000 1.000000
0.990538 -0.038651 -0.131684 0.000000 0.077967 0.948125 0.308189 16.369200 0.112941 -0.315540 0.942167 0.000000 0.000000 0.000000 0.000000 1.000000
0.987808 -0.070105 -0.138997 -0.000000 0.106557 0.955408 0.275393 16.369200 0.113492 -0.286846 0.951230 0.000000 0.000000 0.000000 0.000000 1.000000
0.985655 -0.088391 -0.143776 -0.000000 0.122085 0.961609 0.245773 16.369200 0.116532 -0.259800 0.958605 0.000000 0.000000 0.000000 0.000000 1.000000
0.985750 -0.087489 -0.143674 0.000000 0.116028 0.972037 0.204159 16.369200 0.121795 -0.217920 0.968337 -0.000000 0.000000 0.000000 0.000000 1.000000
0.986802 -0.078053 -0.141875 0.000000 0.101334 0.981059 0.165091 16.369200 0.126302 -0.177289 0.976021 0.000000 0.000000 0.000000 0.000000 1.000000
0.989364 -0.053423 -0.135297 -0.000000 0.072057 0.987973 0.136808 16.369200 0.126361 -0.145102 0.981315 0.000000 0.000000 0.000000 0.000000 1.000000
0.992141 -0.016481 -0.124034 0.000000 0.030838 0.992917 0.114734 16.369200 0.121264 -0.117658 0.985622 0.000000 0.000000 0.000000 0.000000 1.000000
0.993368 0.031379 -0.110615 -0.000000 -0.016905 0.991444 0.129431 16.369200 0.113730 -0.126703 0.985399 0.000000 0.000000 0.000000 0.000000 1.000000
0.993342 0.046987 -0.105181 0.000000 -0.027484 0.983334 0.179716 16.369200 0.111873 -0.175629 0.978079 -0.000000 0.000000 0.000000 0.000000 1.000000
0.993615 0.039014 -0.105861 -0.000000 -0.015195 0.976034 0.217086 16.369200 0.111793 -0.214091 0.970395 -0.000000 0.000000 0.000000 0.000000 1.000000
0.993763 0.025547 -0.108549 0.000000 -0.000149 0.973707 0.227804 16.369200 0.111514 -0.226367 0.967638 0.000000 0.000000 0.000000 0.000000 1.000000
0.993777 0.022680 -0.109054 -0.000000 0.001947 0.975364 0.220592 16.369200 0.111370 -0.219432 0.969250 0.000000 0.000000 0.000000 0.000000 1.000000
0.993799 0.032668 -0.106285 -0.000000 -0.009554 0.977420 0.211089 16.369200 0.110781 -0.208764 0.971671 0.000000 0.000000 0.000000 0.000000 1.000000</float_array>
        <technique_common>
          <accessor source="#mixamorig_Neck-Matrix-animation-output-transform-array" count="32" stride="16">
            <param type="float4x4"/>
          </accessor>
        </technique_common>
      </source>
      <source id="mixamorig_Neck-Interpolations">
        <Name_array id="mixamorig_Neck-Interpolations-array" count="32">
 LINEAR LINEAR LINEAR LINEAR LINEAR LINEAR LINEAR LINEAR LINEAR LINEAR LINEAR
LINEAR LINEAR LINEAR LINEAR LINEAR LINEAR LINEAR LINEAR LINEAR LINEAR LINEAR LINEAR
LINEAR LINEAR LINEAR LINEAR LINEAR LINEAR LINEAR LINEAR LINEAR</Name_array>
        <technique_common>
          <accessor source="#mixamorig_Neck-Interpolations-array" count="32">
            <param type="name"/>
          </accessor>
        </technique_common>
      </source>
      <sampler id="mixamorig_Neck-Matrix-animation-transform">
        <input semantic="INPUT" source="#mixamorig_Neck-Matrix-animation-input"/>
        <input semantic="OUTPUT" source="#mixamorig_Neck-Matrix-animation-output-transform"/>
        <input semantic="INTERPOLATION" source="#mixamorig_Neck-Interpolations"/>
      </sampler>
      <channel source="#mixamorig_Neck-Matrix-animation-transform" target="mixamorig_Neck/matrix"/>
    </animation>
    <animation id="mixamorig_Head-anim" name="mixamorig_Head">
      <source id="mixamorig_Head-Matrix-animation-input">
        <float_array id="mixamorig_Head-Matrix-animation-input-array" count="32">

0.000000 0.033333 0.066667 0.100000 0.133333 0.166667 0.200000 0.233333 0.266667 0.300000 0.333333 0.366667 0.400000 0.433333 0.466667 0.500000
0.533333 0.566667 0.600000 0.633333 0.666667 0.700000 0.733333 0.766667 0.800000 0.833333 0.866667 0.900000 0.933333 0.966667 1.000000 1.033333</float_array>
        <technique_common>
          <accessor source="#mixamorig_Head-Matrix-animation-input-array" count="32">
            <param name="TIME" type="float"/>
          </accessor>
        </technique_common>
      </source>
      <source id="mixamorig_Head-Matrix-animation-output-transform">
        <float_array id="mixamorig_Head-Matrix-animation-output-transform-array" count="512">

0.800546 0.072163 -0.594911 0.000000 0.518590 0.414070 0.748071 6.116700 0.300318 -0.907380 0.294059 2.423300 0.000000 0.000000 0.000000 1.000000
0.812045 0.069121 -0.579487 0.000000 0.505715 0.412231 0.757838 6.116700 0.291265 -0.908454 0.299794 2.423300 0.000000 0.000000 0.000000 1.000000
0.815033 0.061457 -0.576146 0.000000 0.500964 0.424876 0.753999 6.116700 0.291129 -0.903163 0.315501 2.423300 0.000000 0.000000 0.000000 1.000000
0.812853 0.050742 -0.580254 -0.000000 0.504836 0.435529 0.745289 6.116700 0.290535 -0.898744 0.328404 2.423300 0.000000 0.000000 0.000000 1.000000
0.808957 0.040138 -0.586496 0.000000 0.515697 0.430492 0.740765 6.116700 0.282215 -0.901702 0.327550 2.423300 0.000000 0.000000 0.000000 1.000000
0.804513 0.032953 -0.593021 -0.000000 0.530768 0.408193 0.742741 6.116700 0.266542 -0.912301 0.310906 2.423300 0.000000 0.000000 0.000000 1.000000
0.798678 0.029377 -0.601041 0.000000 0.547212 0.380067 0.745726 6.116700 0.250343 -0.924492 0.287476 2.423300 0.000000 0.000000 0.000000 1.000000
0.791954 0.027758 -0.609949 0.000000 0.560538 0.363021 0.744320 6.116700 0.242086 -0.931367 0.271937 2.423300 0.000000 0.000000 0.000000 1.000000
0.787539 0.027288 -0.615660 0.000000 0.564205 0.369942 0.738116 6.116700 0.247900 -0.928654 0.275948 2.423300 0.000000 0.000000 0.000000 1.000000
0.788026 0.026415 -0.615075 -0.000000 0.555368 0.400637 0.728736 6.116700 0.265671 -0.915856 0.301043 2.423300 0.000000 0.000000 0.000000 1.000000
0.791336 0.024508 -0.610890 0.000000 0.540408 0.439235 0.717657 6.116700 0.285913 -0.898038 0.334338 2.423300 0.000000 0.000000 0.000000 1.000000
0.791751 0.026863 -0.610253 0.000000 0.530585 0.464772 0.708848 6.116700 0.302671 -0.885023 0.353731 2.423300 0.000000 0.000000 0.000000 1.000000
0.785981 0.037807 -0.617094 0.000000 0.532045 0.467027 0.706268 6.116700 0.314902 -0.883434 0.346959 2.423300 0.000000 0.000000 0.000000 1.000000
0.776959 0.054609 -0.627178 0.000000 0.540152 0.453894 0.708672 6.116700 0.323372 -0.889381 0.323160 2.423300 0.000000 0.000000 0.000000 1.000000
0.769128 0.074221 -0.634771 0.000000 0.544606 0.443637 0.711751 6.116700 0.334435 -0.893128 0.300792 2.423300 0.000000 0.000000 0.000000 1.000000
0.763461 0.094197 -0.638947 0.000000 0.541230 0.446512 0.712529 6.116700 0.352416 -0.889806 0.289912 2.423300 0.000000 0.000000 0.000000 1.000000
0.759196 0.109825 -0.641530 -0.000000 0.535337 0.455238 0.711458 6.116700 0.370185 -0.883570 0.286822 2.423300 0.000000 0.000000 0.000000 1.000000
0.757209 0.117499 -0.642517 0.000000 0.534038 0.455015 0.712576 6.116700 0.376082 -0.882698 0.281792 2.423300 0.000000 0.000000 0.000000 1.000000
0.759320 0.117889 -0.639950 0.000000 0.537681 0.440257 0.719077 6.116700 0.366514 -0.890099 0.270909 2.423300 0.000000 0.000000 0.000000 1.000000
0.764866 0.116614 -0.633547 -0.000000 0.540367 0.419252 0.729542 6.116700 0.350690 -0.900349 0.257657 2.423300 0.000000 0.000000 0.000000 1.000000
0.770090 0.121250 -0.626306 0.000000 0.538530 0.402732 0.740130 6.116700 0.341974 -0.907252 0.244843 2.423300 0.000000 0.000000 0.000000 1.000000
0.769867 0.133867 -0.624007 0.000000 0.537282 0.391735 0.746908 6.116700 0.344432 -0.910287 0.229659 2.423300 0.000000 0.000000 0.000000 1.000000
0.764433 0.146135 -0.627923 0.000000 0.543104 0.378848 0.749341 6.116700 0.347392 -0.913848 0.210238 2.423300 0.000000 0.000000 0.000000 1.000000
0.759258 0.151647 -0.632875 0.000000 0.549626 0.371312 0.748357 6.116700 0.348480 -0.916041 0.198573 2.423300 0.000000 0.000000 0.000000 1.000000
0.756310 0.140475 -0.638954 0.000000 0.558350 0.370388 0.742332 6.116700 0.340940 -0.918193 0.201694 2.423300 0.000000 0.000000 0.000000 1.000000
0.754525 0.116880 -0.645779 0.000000 0.569349 0.372815 0.732701 6.116700 0.326394 -0.920515 0.214753 2.423300 0.000000 0.000000 0.000000 1.000000
