<?xml version="1.0" encoding="utf-8"?>
<COLLADA xmlns="http://www.collada.org/2005/11/COLLADASchema" version="1.4.1">
  <asset>
    <contributor>
      <author>Mixamo</author>
      <authoring_tool>COLLADA Mixamo exporter</authoring_tool>
      <comments/>
    </contributor>
    <created>2024-05-25T15:58:55Z</created>
    <modified>2024-05-25T15:58:55Z</modified>
    <revision/>
    <title/>
    <unit meter="0.010000"/>
    <up_axis>Y_UP</up_axis>
  </asset>
  <library_animations>
    <animation id="mixamorig_Hips-anim" name="mixamorig_Hips">
      <source id="mixamorig_Hips-Matrix-animation-input">
        <float_array id="mixamorig_Hips-Matrix-animation-input-array" count="49">

0.000000 0.033333 0.066667 0.100000 0.133333 0.166667 0.200000 0.233333 0.266667 0.300000 0.333333 0.366667 0.400000 0.433333 0.466667 0.500000
0.533333 0.566667 0.600000 0.633333 0.666667 0.700000 0.733333 0.766667 0.800000 0.833333 0.866667 0.900000 0.933333 0.966667 1.000000 1.033333
1.066667 1.100000 1.133333 1.166667 1.200000 1.233333 1.266667 1.300000 1.333333 1.366667 1.400000 1.433333 1.466667 1.500000 1.533333 1.566667
1.600000</float_array>
        <technique_common>
          <accessor source="#mixamorig_Hips-Matrix-animation-input-array" count="49">
            <param name="TIME" type="float"/>
          </accessor>
        </technique_common>
      </source>
      <source id="mixamorig_Hips-Matrix-animation-output-transform">
        <float_array id="mixamorig_Hips-Matrix-animation-output-transform-array" count="784">

0.995666 0.050073 0.078375 -0.078370 -0.038388 0.988821 -0.144079 95.075912 -0.084713 0.140445 0.986458 0.245982 0.000000 0.000000 0.000000 1.000000
0.989318 0.062343 0.131766 -6.310578 -0.052071 0.995433 -0.080011 93.456192 -0.136153 0.072295 0.988046 15.032993 0.000000 0.000000 0.000000 1.000000
0.987046 0.050730 0.152206 -13.315798 -0.046512 0.998432 -0.031151 90.264343 -0.153548 0.023668 0.987858 32.021866 0.000000 0.000000 0.000000 1.000000
0.978961 0.017870 0.203265 -20.447401 -0.012081 0.999486 -0.029688 88.717056 -0.203691 0.026608 0.978674 48.399303 0.000000 0.000000 0.000000 1.000000
0.967413 -0.021718 0.252272 -27.583490 0.030795 0.999011 -0.032087 89.114380 -0.251325 0.038810 0.967124 64.231575 0.000000 0.000000 0.000000 1.000000
0.965709 -0.068458 0.250438 -34.237534 0.073715 0.997211 -0.011661 89.415054 -0.248941 0.029722 0.968062 79.310753 0.000000 0.000000 0.000000 1.000000
0.976205 -0.136489 0.168509 -39.909771 0.138550 0.990355 -0.000478 88.393555 -0.166819 0.023814 0.985700 93.342812 0.000000 0.000000 0.000000 1.000000
0.979417 -0.198792 0.034991 -44.358330 0.199998 0.979163 -0.035211 86.898155 -0.027262 0.041485 0.998767 106.091080 0.000000 0.000000 0.000000 1.000000
0.964615 -0.237863 -0.113752 -48.687862 0.223397 0.966476 -0.126558 85.570274 0.140042 0.096667 0.985415 119.168144 0.000000 0.000000 0.000000 1.000000
0.919990 -0.279976 -0.274283 -53.016907 0.220133 0.948107 -0.229422 83.828583 0.324282 0.150687 0.933881 132.403931 0.000000 0.000000 0.000000 1.000000
0.810814 -0.354283 -0.465901 -57.008846 0.186126 0.910748 -0.368639 81.033401 0.554921 0.212181 0.804389 144.727966 0.000000 0.000000 0.000000 1.000000
0.615976 -0.434267 -0.657256 -61.239124 0.092667 0.868482 -0.486983 77.048447 0.782296 0.239064 0.575206 156.764267 0.000000 0.000000 0.000000 1.000000
0.371517 -0.521340 -0.768232 -65.123116 -0.041520 0.817298 -0.574717 72.598167 0.927497 0.245414 0.281994 168.326859 0.000000 0.000000 0.000000 1.000000
0.134219 -0.586422 -0.798808 -68.348885 -0.184448 0.777231 -0.601574 67.466362 0.973635 0.228081 -0.003845 179.503479 0.000000 0.000000 0.000000 1.000000
-0.062492 -0.670409 -0.739356 -71.643715 -0.362318 0.705504 -0.609089 60.855846 0.929957 0.229819 -0.286990 191.735306 0.000000 0.000000 0.000000 1.000000
-0.126262 -0.757143 -0.640931 -75.198586 -0.567308 0.585131 -0.579467 53.779499 0.813769 0.290441 -0.503413 204.396378 0.000000 0.000000 0.000000 1.000000
-0.136594 -0.849210 -0.510083 -79.165565 -0.740489 0.429565 -0.516866 45.918842 0.658042 0.307110 -0.687506 218.076065 0.000000 0.000000 0.000000 1.000000
-0.105004 -0.933079 -0.344002 -83.523743 -0.899320 0.236751 -0.367658 36.263573 0.424496 0.270762 -0.863997 231.019470 0.000000 0.000000 0.000000 1.000000
-0.025987 -0.977092 -0.211225 -87.886284 -0.997066 0.040552 -0.064918 26.816299 0.071997 0.208918 -0.975279 242.839615 0.000000 0.000000 0.000000 1.000000
0.041958 -0.983114 -0.178119 -91.395638 -0.932960 -0.102346 0.345123 20.519945 -0.357525 0.151698 -0.921501 253.170288 0.000000 0.000000 0.000000 1.000000
0.035586 -0.981161 -0.189886 -93.763664 -0.708780 -0.158729 0.687340 17.579586 -0.704532 0.110128 -0.701076 261.674591 0.000000 0.000000 0.000000 1.000000
-0.042045 -0.980139 -0.193801 -95.223465 -0.469796 -0.151797 0.869626 17.099876 -0.881773 0.127611 -0.454083 267.577637 0.000000 0.000000 0.000000 1.000000
-0.115341 -0.968896 -0.218946 -96.426193 -0.240527 -0.186615 0.952534 17.581032 -0.963765 0.162529 -0.211522 271.655334 0.000000 0.000000 0.000000 1.000000
-0.162457 -0.953283 -0.254675 -97.476151 0.013330 -0.260200 0.965463 19.149883 -0.986626 0.153452 0.054979 275.576050 0.000000 0.000000 0.000000 1.000000
-0.170182 -0.941378 -0.291282 -98.365799 0.276566 -0.329342 0.902798 21.698128 -0.945806 0.073082 0.316401 280.423431 0.000000 0.000000 0.000000 1.000000
-0.136163 -0.923007 -0.359885 -98.920952 0.442851 -0.381662 0.811306 24.900963 -0.886196 -0.048906 0.460723 286.244751 0.000000 0.000000 0.000000 1.000000
-0.104580 -0.904756 -0.412892 -99.889816 0.571475 -0.394451 0.719600 27.676304 -0.813928 -0.160702 0.558297 293.104675 0.000000 0.000000 0.000000 1.000000
-0.122623 -0.882056 -0.454908 -101.371613 0.693102 -0.404180 0.596866 29.642422 -0.710334 -0.242108 0.660916 300.570343 0.000000 0.000000 0.000000 1.000000
-0.189686 -0.826489 -0.530033 -103.149483 0.777083 -0.456337 0.433473 30.960110 -0.600134 -0.329656 0.728811 308.557648 0.000000 0.000000 0.000000 1.000000
-0.270660 -0.753718 -0.598876 -105.149094 0.832040 -0.496054 0.248273 31.765194 -0.484203 -0.431091 0.761386 316.441742 0.000000 0.000000 0.000000 1.000000
-0.325914 -0.691530 -0.644644 -107.327957 0.873798 -0.480651 0.073841 31.686096 -0.360912 -0.539223 0.760909 324.000946 0.000000 0.000000 0.000000 1.000000
-0.343131 -0.653436 -0.674746 -109.211952 0.904973 -0.422382 -0.051167 30.693487 -0.251566 -0.628184 0.736274 331.427734 0.000000 0.000000 0.000000 1.000000
-0.323834 -0.633619 -0.702609 -110.755363 0.929548 -0.351438 -0.111501 29.262272 -0.176274 -0.689216 0.702786 338.913879 0.000000 0.000000 0.000000 1.000000
-0.270812 -0.620305 -0.736127 -112.087051 0.955410 -0.266697 -0.126748 27.874237 -0.117700 -0.737628 0.664870 346.272247 0.000000 0.000000 0.000000 1.000000
-0.234680 -0.618013 -0.750323 -113.543549 0.972064 -0.145883 -0.183876 26.654593 0.004178 -0.772514 0.634984 353.243103 0.000000 0.000000 0.000000 1.000000
-0.254833 -0.642414 -0.722748 -115.505013 0.941840 0.004446 -0.336034 25.525505 0.219086 -0.766345 0.603918 359.701782 0.000000 0.000000 0.000000 1.000000
-0.288540 -0.672274 -0.681757 -117.347511 0.862328 0.126975 -0.490172 24.647560 0.416096 -0.729332 0.543083 365.728729 0.000000 0.000000 0.000000 1.000000
-0.314615 -0.681159 -0.661090 -118.443825 0.792963 0.194216 -0.577486 24.164185 0.521754 -0.705905 0.479031 371.077148 0.000000 0.000000 0.000000 1.000000
-0.337838 -0.670024 -0.661010 -118.921555 0.754235 0.227389 -0.615974 24.016710 0.563024 -0.706656 0.428535 375.859650 0.000000 0.000000 0.000000 1.000000
-0.358809 -0.648602 -0.671247 -119.129410 0.735092 0.246829 -0.631439 24.042540 0.575235 -0.719994 0.388217 380.289612 0.000000 0.000000 0.000000 1.000000
-0.371764 -0.624424 -0.686940 -119.310837 0.724190 0.267895 -0.635438 24.073311 0.580811 -0.733707 0.352608 384.661407 0.000000 0.000000 0.000000 1.000000
-0.364505 -0.601478 -0.710887 -119.622475 0.718848 0.303529 -0.625401 23.968754 0.591940 -0.738982 0.321734 389.149536 0.000000 0.000000 0.000000 1.000000
-0.336673 -0.576439 -0.744559 -120.196831 0.718931 0.353289 -0.598602 23.520601 0.608103 -0.736820 0.295477 393.481293 0.000000 0.000000 0.000000 1.000000
-0.318647 -0.559360 -0.765232 -120.759384 0.725721 0.375360 -0.576571 22.903767 0.609748 -0.739068 0.286332 396.713043 0.000000 0.000000 0.000000 1.000000
-0.285675 -0.546148 -0.787472 -120.817848 0.741184 0.394970 -0.542812 22.310539 0.607484 -0.738730 0.291963 399.192017 0.000000 0.000000 0.000000 1.000000
-0.243413 -0.534875 -0.809110 -120.581322 0.760624 0.412349 -0.501417 21.676170 0.601831 -0.737480 0.306468 401.183441 0.000000 0.000000 0.000000 1.000000
-0.193296 -0.515654 -0.834708 -120.037056 0.781258 0.433756 -0.448878 21.154303 0.593526 -0.738889 0.319015 402.572937 0.000000 0.000000 0.000000 1.000000
-0.123927 -0.482369 -0.867158 -118.949654 0.801147 0.466998 -0.374267 20.909836 0.585496 -0.741103 0.328575 403.282715 0.000000 0.000000 0.000000 1.000000
-0.035457 -0.441141 -0.896737 -117.881653 0.819066 0.501292 -0.278992 20.689281 0.572602 -0.744380 0.343549 403.553864 0.000000 0.000000 0.000000 1.000000</float_array>
        <technique_common>
          <accessor source="#mixamorig_Hips-Matrix-animation-output-transform-array" count="49" stride="16">
            <param type="float4x4"/>
          </accessor>
        </technique_common>
      </source>
      <source id="mixamorig_Hips-Interpolations">
        <Name_array id="mixamorig_Hips-Interpolations-array" count="49">
 LINEAR LINEAR LINEAR LINEAR LINEAR LINEAR LINEAR LINEAR LINEAR LINEAR LINEAR
LINEAR LINEAR LINEAR LINEAR LINEAR LINEAR LINEAR LINEAR LINEAR LINEAR LINEAR LINEAR
LINEAR LINEAR LINEAR LINEAR LINEAR LINEAR LINEAR LINEAR LINEAR LINEAR LINEAR LINEAR
LINEAR LINEAR LINEAR LINEAR LINEAR LINEAR LINEAR LINEAR LINEAR LINEAR LINEAR LINEAR
LINEAR LINEAR</Name_array>
        <technique_common>
          <accessor source="#mixamorig_Hips-Interpolations-array" count="49">
            <param type="name"/>
          </accessor>
        </technique_common>
      </source>
      <sampler id="mixamorig_Hips-Matrix-animation-transform">
        <input semantic="INPUT" source="#mixamorig_Hips-Matrix-animation-input"/>
        <input semantic="OUTPUT" source="#mixamorig_Hips-Matrix-animation-output-transform"/>
        <input semantic="INTERPOLATION" source="#mixamorig_Hips-Interpolations"/>
      </sampler>
      <channel source="#mixamorig_Hips-Matrix-animation-transform" target="mixamorig_Hips/matrix"/>
    </animation>
    <animation id="mixamorig_Spine-anim" name="mixamorig_Spine">
      <source id="mixamorig_Spine-Matrix-animation-input">
        <float_array id="mixamorig_Spine-Matrix-animation-input-array" count="49">

0.000000 0.033333 0.066667 0.100000 0.133333 0.166667 0.200000 0.233333 0.266667 0.300000 0.333333 0.366667 0.400000 0.433333 0.466667 0.500000
0.533333 0.566667 0.600000 0.633333 0.666667 0.700000 0.733333 0.766667 0.800000 0.833333 0.866667 0.900000 0.933333 0.966667 1.000000 1.033333
1.066667 1.100000 1.133333 1.166667 1.200000 1.233333 1.266667 1.300000 1.333333 1.366667 1.400000 1.433333 1.466667 1.500000 1.533333 1.566667
1.600000</float_array>
        <technique_common>
          <accessor source="#mixamorig_Spine-Matrix-animation-input-array" count="49">
            <param name="TIME" type="float"/>
          </accessor>
        </technique_common>
      </source>
      <source id="mixamorig_Spine-Matrix-animation-output-transform">
        <float_array id="mixamorig_Spine-Matrix-animation-output-transform-array" count="784">

0.998983 -0.037973 0.024314 -0.000000 0.036680 0.997995 0.051587 9.465600 -0.026225 -0.050643 0.998372 -1.179100 0.000000 0.000000 0.000000 1.000000
0.995414 -0.064947 -0.070236 0.000000 0.069572 0.995422 0.065540 9.465600 0.065658 -0.070126 0.995375 -1.179100 0.000000 0.000000 0.000000 1.000000
0.982654 -0.025973 -0.183620 0.000000 0.046951 0.992729 0.110841 9.465600 0.179406 -0.117539 0.976728 -1.179100 0.000000 0.000000 0.000000 1.000000
0.947898 0.064383 -0.312000 -0.000000 0.001936 0.978183 0.207736 9.465600 0.318568 -0.197516 0.927093 -1.179100 0.000000 0.000000 0.000000 1.000000
0.904905 0.153441 -0.396993 -0.000000 -0.029260 0.952973 0.301638 9.465600 0.424607 -0.261338 0.866840 -1.179100 0.000000 0.000000 0.000000 1.000000
0.886408 0.190643 -0.421826 0.000000 -0.044719 0.942261 0.331881 9.465600 0.460741 -0.275318 0.843752 -1.179100 0.000000 0.000000 0.000000 1.000000
0.903257 0.173342 -0.392529 0.000000 -0.048546 0.950181 0.307894 9.465600 0.426344 -0.259052 0.866673 -1.179100 0.000000 0.000000 0.000000 1.000000
0.937813 0.117387 -0.326690 -0.000000 -0.022732 0.959837 0.279637 9.465600 0.346395 -0.254821 0.902816 -1.179100 0.000000 0.000000 0.000000 1.000000
0.973749 0.031721 -0.225404 0.000000 0.034049 0.958803 0.282024 9.465600 0.225064 -0.282295 0.932553 -1.179100 0.000000 0.000000 0.000000 1.000000
0.986569 -0.058046 -0.152686 0.000000 0.100596 0.952350 0.287942 9.465600 0.128697 -0.299434 0.945397 -1.179100 0.000000 0.000000 0.000000 1.000000
0.985888 -0.139946 -0.091869 -0.000000 0.161162 0.941908 0.294678 9.465600 0.045294 -0.305325 0.951170 -1.179100 0.000000 0.000000 0.000000 1.000000
0.978804 -0.199687 -0.045470 0.000000 0.204562 0.942599 0.263936 9.465600 -0.009845 -0.267643 0.963468 -1.179100 0.000000 0.000000 0.000000 1.000000
0.974778 -0.223101 -0.005897 -0.000000 0.218125 0.946779 0.236709 9.465600 -0.047226 -0.232025 0.971563 -1.179100 0.000000 0.000000 0.000000 1.000000
0.980533 -0.195359 0.019748 0.000000 0.190751 0.971576 0.140189 9.465600 -0.046574 -0.133693 0.989928 -1.179100 0.000000 0.000000 0.000000 1.000000
0.988754 -0.149466 0.005118 0.000000 0.148708 0.986221 0.072490 9.465600 -0.015882 -0.070913 0.997356 -1.179100 0.000000 0.000000 0.000000 1.000000
0.983851 -0.173107 0.045499 -0.000000 0.173083 0.984897 0.004498 9.465600 -0.045590 0.003449 0.998954 -1.179100 0.000000 0.000000 0.000000 1.000000
0.974916 -0.181885 0.128285 0.000000 0.190175 0.980178 -0.055537 9.465600 -0.115641 0.078540 0.990181 -1.179100 0.000000 0.000000 0.000000 1.000000
0.967468 -0.208511 0.143281 -0.000000 0.219028 0.973755 -0.061868 9.465600 -0.126620 0.091237 0.987746 -1.179100 0.000000 0.000000 0.000000 1.000000
0.956481 -0.247581 0.154425 0.000000 0.258306 0.964584 -0.053434 9.465600 -0.135727 0.090997 0.986559 -1.179100 0.000000 0.000000 0.000000 1.000000
0.944327 -0.261819 0.199240 0.000000 0.279002 0.958209 -0.063198 9.465600 -0.174367 0.115268 0.977911 -1.179100 0.000000 0.000000 0.000000 1.000000
0.952731 -0.222222 0.207172 -0.000000 0.241957 0.967380 -0.075046 9.465600 -0.183738 0.121626 0.975422 -1.179100 0.000000 0.000000 0.000000 1.000000
0.978902 -0.135694 0.152771 0.000000 0.147956 0.986374 -0.071936 9.465600 -0.140928 0.093022 0.985640 -1.179100 0.000000 0.000000 0.000000 1.000000
0.988766 -0.069647 0.132251 0.000000 0.080970 0.993316 -0.082258 9.465600 -0.125638 0.092042 0.987797 -1.179100 0.000000 0.000000 0.000000 1.000000
0.989960 -0.034894 0.136974 -0.000000 0.050275 0.992605 -0.110489 9.465600 -0.132105 0.116266 0.984393 -1.179100 0.000000 0.000000 0.000000 1.000000
0.995111 -0.036764 0.091665 -0.000000 0.050358 0.987294 -0.150712 9.465600 -0.084959 0.154591 0.984319 -1.179100 0.000000 0.000000 0.000000 1.000000
0.994281 -0.103314 -0.027041 0.000000 0.093744 0.965630 -0.242425 9.465600 0.051157 0.238504 0.969793 -1.179100 0.000000 0.000000 0.000000 1.000000
0.979850 -0.147531 -0.134643 -0.000000 0.097833 0.942207 -0.320430 9.465600 0.174135 0.300801 0.937654 -1.179100 0.000000 0.000000 0.000000 1.000000
0.980145 -0.109962 -0.164999 -0.000000 0.044660 0.933182 -0.356618 9.465600 0.193188 0.342168 0.919565 -1.179100 0.000000 0.000000 0.000000 1.000000
0.985810 -0.000715 -0.167866 0.000000 -0.064534 0.921528 -0.382911 9.465600 0.154967 0.388311 0.908405 -1.179100 0.000000 0.000000 0.000000 1.000000
0.978534 0.123664 -0.164858 0.000000 -0.179504 0.904422 -0.387039 9.465600 0.101238 0.408324 0.907206 -1.179100 0.000000 0.000000 0.000000 1.000000
0.964523 0.217536 -0.149578 0.000000 -0.257608 0.899441 -0.353049 9.465600 0.057735 0.379057 0.923571 -1.179100 0.000000 0.000000 0.000000 1.000000
0.954638 0.270139 -0.125262 -0.000000 -0.295217 0.913586 -0.279655 9.465600 0.038892 0.303949 0.951894 -1.179100 0.000000 0.000000 0.000000 1.000000
0.952329 0.284195 -0.110920 0.000000 -0.300118 0.938011 -0.173392 9.465600 0.054767 0.198415 0.978587 -1.179100 0.000000 0.000000 0.000000 1.000000
0.958553 0.252241 -0.132477 0.000000 -0.266861 0.957739 -0.107335 9.465600 0.099804 0.138239 0.985357 -1.179100 0.000000 0.000000 0.000000 1.000000
0.978232 0.153844 -0.139260 0.000000 -0.165408 0.983323 -0.075610 9.465600 0.125305 0.096999 0.987365 -1.179100 0.000000 0.000000 0.000000 1.000000
0.994697 0.006306 -0.102652 0.000000 -0.010116 0.999277 -0.036637 9.465600 0.102347 0.037481 0.994042 -1.179100 0.000000 0.000000 0.000000 1.000000
0.991135 -0.122502 -0.051420 -0.000000 0.123528 0.992191 0.017260 9.465600 0.048904 -0.023459 0.998528 -1.179100 0.000000 0.000000 0.000000 1.000000
0.984396 -0.173189 -0.031158 -0.000000 0.174566 0.983433 0.048844 9.465600 0.022183 -0.053521 0.998320 -1.179100 0.000000 0.000000 0.000000 1.000000
0.985279 -0.167529 -0.034061 0.000000 0.169248 0.983973 0.056151 9.465600 0.024108 -0.061089 0.997841 -1.179100 0.000000 0.000000 0.000000 1.000000
0.989370 -0.137455 -0.047470 0.000000 0.139933 0.988713 0.053535 9.465600 0.039576 -0.059609 0.997437 -1.179100 0.000000 0.000000 0.000000 1.000000
0.991888 -0.110816 -0.062269 0.000000 0.114139 0.992071 0.052603 9.465600 0.055946 -0.059284 0.996672 -1.179100 0.000000 0.000000 0.000000 1.000000
0.990974 -0.112617 -0.072713 0.000000 0.117120 0.991246 0.060946 9.465600 0.065213 -0.068912 0.995489 -1.179100 0.000000 0.000000 0.000000 1.000000
0.986535 -0.142090 -0.080989 0.000000 0.147387 0.987028 0.063658 9.465600 0.070893 -0.074738 0.994680 -1.179100 0.000000 0.000000 0.000000 1.000000
0.983337 -0.158188 -0.089577 0.000000 0.166054 0.982141 0.088464 9.465600 0.073983 -0.101865 0.992043 -1.179100 0.000000 0.000000 0.000000 1.000000
0.979506 -0.169574 -0.108688 -0.000000 0.180074 0.979018 0.095382 9.465600 0.090234 -0.112999 0.989489 -1.179100 0.000000 0.000000 0.000000 1.000000
0.975350 -0.179592 -0.128212 0.000000 0.193190 0.975753 0.102880 9.465600 0.106627 -0.125114 0.986396 -1.179100 0.000000 0.000000 0.000000 1.000000
0.971570 -0.185843 -0.146678 0.000000 0.201442 0.974411 0.099723 9.465600 0.124392 -0.126435 0.984145 -1.179100 0.000000 0.000000 0.000000 1.000000
0.968462 -0.181294 -0.170920 0.000000 0.195515 0.978180 0.070268 9.465600 0.154452 -0.101469 0.982776 -1.179100 0.000000 0.000000 0.000000 1.000000
0.963135 -0.173239 -0.205812 0.000000 0.184840 0.982018 0.038395 9.465600 0.195460 -0.075021 0.977838 -1.179100 0.000000 0.000000 0.000000 1.000000</float_array>
        <technique_common>
          <accessor source="#mixamorig_Spine-Matrix-animation-output-transform-array" count="49" stride="16">
            <param type="float4x4"/>
          </accessor>
        </technique_common>
      </source>
      <source id="mixamorig_Spine-Interpolations">
        <Name_array id="mixamorig_Spine-Interpolations-array" count="49">
 LINEAR LINEAR LINEAR LINEAR LINEAR LINEAR LINEAR LINEAR LINEAR LINEAR LINEAR
LINEAR LINEAR LINEAR LINEAR LINEAR LINEAR LINEAR LINEAR LINEAR LINEAR LINEAR LINEAR
LINEAR LINEAR LINEAR LINEAR LINEAR LINEAR LINEAR LINEAR LINEAR LINEAR LINEAR LINEAR
LINEAR LINEAR LINEAR LINEAR LINEAR LINEAR LINEAR LINEAR LINEAR LINEAR LINEAR LINEAR
LINEAR LINEAR</Name_array>
        <technique_common>
          <accessor source="#mixamorig_Spine-Interpolations-array" count="49">
            <param type="name"/>
          </accessor>
        </technique_common>
      </source>
      <sampler id="mixamorig_Spine-Matrix-animation-transform">
        <input semantic="INPUT" source="#mixamorig_Spine-Matrix-animation-input"/>
        <input semantic="OUTPUT" source="#mixamorig_Spine-Matrix-animation-output-transform"/>
        <input semantic="INTERPOLATION" source="#mixamorig_Spine-Interpolations"/>
      </sampler>
      <channel source="#mixamorig_Spine-Matrix-animation-transform" target="mixamorig_Spine/matrix"/>
    </animation>
    <animation id="mixamorig_Spine1-anim" name="mixamorig_Spine1">
      <source id="mixamorig_Spine1-Matrix-animation-input">
        <float_array id="mixamorig_Spine1-Matrix-animation-input-array" count="49">

0.000000 0.033333 0.066667 0.100000 0.133333 0.166667 0.200000 0.233333 0.266667 0.300000 0.333333 0.366667 0.400000 0.433333 0.466667 0.500000
0.533333 0.566667 0.600000 0.633333 0.666667 0.700000 0.733333 0.766667 0.800000 0.833333 0.866667 0.900000 0.933333 0.966667 1.000000 1.033333
1.066667 1.100000 1.133333 1.166667 1.200000 1.233333 1.266667 1.300000 1.333333 1.366667 1.400000 1.433333 1.466667 1.500000 1.533333 1.566667
1.600000</float_array>
        <technique_common>
          <accessor source="#mixamorig_Spine1-Matrix-animation-input-array" count="49">
            <param name="TIME" type="float"/>
          </accessor>
        </technique_common>
      </source>
      <source id="mixamorig_Spine1-Matrix-animation-output-transform">
        <float_array id="mixamorig_Spine1-Matrix-animation-output-transform-array" count="784">

0.999930 0.005776 -0.010367 0.000000 -0.007652 0.981514 -0.191236 11.128500 0.009071 0.191302 0.981489 0.000000 0.000000 0.000000 0.000000 1.000000
0.999457 -0.003600 -0.032753 0.000000 -0.001365 0.988636 -0.150322 11.128500 0.032922 0.150285 0.988094 0.000000 0.000000 0.000000 0.000000 1.000000
0.998272 -0.000347 -0.058762 0.000000 -0.003579 0.997767 -0.066696 11.128500 0.058654 0.066791 0.996041 0.000000 0.000000 0.000000 0.000000 1.000000
0.995759 0.013209 -0.091049 0.000000 -0.012120 0.999848 0.012505 11.128500 0.091201 -0.011348 0.995768 0.000000 0.000000 0.000000 0.000000 1.000000
0.992973 0.025807 -0.115490 -0.000000 -0.019076 0.998075 0.059018 11.128500 0.116791 -0.056400 0.991554 0.000000 0.000000 0.000000 0.000000 1.000000
0.991958 0.029576 -0.123059 0.000000 -0.020972 0.997282 0.070635 11.128500 0.124814 -0.067486 0.989882 0.000000 0.000000 0.000000 0.000000 1.000000
0.993446 0.025113 -0.111513 0.000000 -0.017084 0.997231 0.072375 11.128500 0.113022 -0.069995 0.991124 -0.000000 0.000000 0.000000 0.000000 1.000000
0.995900 0.009796 -0.089931 -0.000000 -0.003408 0.997477 0.070912 11.128500 0.090399 -0.070315 0.993420 0.000000 0.000000 0.000000 0.000000 1.000000
0.998149 -0.010886 -0.059838 0.000000 0.015032 0.997484 0.069279 11.128500 0.058934 -0.070050 0.995801 0.000000 0.000000 0.000000 0.000000 1.000000
0.998786 -0.030821 -0.038422 0.000000 0.033386 0.997127 0.068001 11.128500 0.036215 -0.069201 0.996945 0.000000 0.000000 0.000000 0.000000 1.000000
0.998491 -0.050987 -0.020376 0.000000 0.052234 0.996437 0.066224 11.128500 0.016926 -0.067188 0.997597 0.000000 0.000000 0.000000 0.000000 1.000000
0.997701 -0.067378 -0.007220 0.000000 0.067658 0.996426 0.050582 11.128500 0.003786 -0.050955 0.998694 0.000000 0.000000 0.000000 0.000000 1.000000
0.997341 -0.072770 0.003809 0.000000 0.072595 0.996759 0.034672 11.128500 -0.006320 -0.034303 0.999392 0.000000 0.000000 0.000000 0.000000 1.000000
0.997979 -0.063194 0.006619 0.000000 0.063125 0.997954 0.010158 11.128500 -0.007248 -0.009720 0.999926 0.000000 0.000000 0.000000 0.000000 1.000000
0.998922 -0.046425 0.000405 0.000000 0.046426 0.998910 -0.004860 11.128500 -0.000179 0.004874 0.999988 0.000000 0.000000 0.000000 0.000000 1.000000
0.998873 -0.046777 0.008067 0.000000 0.046886 0.998805 -0.013824 11.128500 -0.007411 0.014187 0.999872 -0.000000 0.000000 0.000000 0.000000 1.000000
0.998227 -0.052844 0.027402 -0.000000 0.053496 0.998288 -0.023630 11.128500 -0.026106 0.025054 0.999345 -0.000000 0.000000 0.000000 0.000000 1.000000
0.997748 -0.059138 0.031663 0.000000 0.060157 0.997667 -0.032281 11.128500 -0.029680 0.034113 0.998977 0.000000 0.000000 0.000000 0.000000 1.000000
0.997215 -0.065076 0.036435 -0.000000 0.066598 0.996885 -0.042253 11.128500 -0.033572 0.044561 0.998442 0.000000 0.000000 0.000000 0.000000 1.000000
0.996679 -0.064016 0.050321 0.000000 0.066655 0.996386 -0.052641 11.128500 -0.046769 0.055821 0.997345 0.000000 0.000000 0.000000 0.000000 1.000000
0.997387 -0.048036 0.053955 0.000000 0.051085 0.997088 -0.056618 11.128500 -0.051078 0.059227 0.996937 0.000000 0.000000 0.000000 0.000000 1.000000
0.998909 -0.022747 0.040785 0.000000 0.024610 0.998648 -0.045785 11.128500 -0.039689 0.046739 0.998118 0.000000 0.000000 0.000000 0.000000 1.000000
0.999323 -0.010326 0.035316 0.000000 0.011400 0.999474 -0.030354 11.128500 -0.034984 0.030736 0.998915 0.000000 0.000000 0.000000 0.000000 1.000000
0.999285 -0.011627 0.035974 0.000000 0.012585 0.999570 -0.026498 11.128500 -0.035651 0.026931 0.999001 -0.000000 0.000000 0.000000 0.000000 1.000000
0.999621 -0.015203 0.022961 0.000000 0.016083 0.999124 -0.038628 11.128500 -0.022353 0.038983 0.998990 0.000000 0.000000 0.000000 0.000000 1.000000
0.999880 -0.011413 -0.010512 0.000000 0.010834 0.998504 -0.053600 11.128500 0.011108 0.053479 0.998507 0.000000 0.000000 0.000000 0.000000 1.000000
0.999170 -0.004937 -0.040445 0.000000 0.002271 0.997837 -0.065698 11.128500 0.040682 0.065552 0.997020 0.000000 0.000000 0.000000 0.000000 1.000000
0.998940 0.003580 -0.045887 0.000000 -0.007108 0.997010 -0.076944 11.128500 0.045474 0.077188 0.995979 0.000000 0.000000 0.000000 0.000000 1.000000
0.998988 0.018150 -0.041151 0.000000 -0.021919 0.995418 -0.093076 11.128500 0.039273 0.093884 0.994808 0.000000 0.000000 0.000000 0.000000 1.000000
0.998773 0.033042 -0.036887 0.000000 -0.036840 0.993516 -0.107559 11.128500 0.033094 0.108785 0.993514 0.000000 0.000000 0.000000 0.000000 1.000000
0.998548 0.041430 -0.034443 -0.000000 -0.045178 0.992185 -0.116306 11.128500 0.029355 0.117694 0.992616 0.000000 0.000000 0.000000 0.000000 1.000000
0.998526 0.042077 -0.034294 0.000000 -0.045919 0.991680 -0.120258 11.128500 0.028949 0.121656 0.992150 -0.000000 0.000000 0.000000 0.000000 1.000000
0.998543 0.036434 -0.039809 0.000000 -0.040986 0.991894 -0.120279 11.128500 0.035104 0.121736 0.991942 0.000000 0.000000 0.000000 0.000000 1.000000
0.998458 0.026247 -0.048917 0.000000 -0.031861 0.992530 -0.117768 11.128500 0.045460 0.119145 0.991836 0.000000 0.000000 0.000000 0.000000 1.000000
0.998863 0.012421 -0.046022 0.000000 -0.017499 0.993594 -0.111646 11.128500 0.044341 0.112324 0.992682 -0.000000 0.000000 0.000000 0.000000 1.000000
0.999622 -0.002483 -0.027396 0.000000 -0.000334 0.994748 -0.102352 11.128500 0.027506 0.102322 0.994371 0.000000 0.000000 0.000000 0.000000 1.000000
0.999889 -0.013415 -0.006453 0.000000 0.012755 0.995554 -0.093327 11.128500 0.007676 0.093235 0.995615 0.000000 0.000000 0.000000 0.000000 1.000000
0.999859 -0.016708 0.001484 0.000000 0.016774 0.995966 -0.088149 11.128500 -0.000006 0.088162 0.996106 0.000000 0.000000 0.000000 0.000000 1.000000
0.999893 -0.014617 -0.000099 0.000000 0.014554 0.996203 -0.085837 11.128500 0.001353 0.085826 0.996309 0.000000 0.000000 0.000000 0.000000 1.000000
0.999933 -0.010089 -0.005719 0.000000 0.009565 0.996317 -0.085207 11.128500 0.006557 0.085147 0.996347 0.000000 0.000000 0.000000 0.000000 1.000000
0.999920 -0.005683 -0.011291 0.000000 0.004698 0.996334 -0.085422 11.128500 0.011735 0.085362 0.996281 0.000000 0.000000 0.000000 0.000000 1.000000
0.999900 -0.003425 -0.013725 0.000000 0.002220 0.996218 -0.086863 11.128500 0.013970 0.086824 0.996126 0.000000 0.000000 0.000000 0.000000 1.000000
0.999904 -0.001860 -0.013758 0.000000 0.000608 0.995898 -0.090484 11.128500 0.013870 0.090467 0.995803 0.000000 0.000000 0.000000 0.000000 1.000000
0.999890 0.002151 -0.014668 0.000000 -0.003466 0.995915 -0.090229 11.128500 0.014414 0.090270 0.995813 0.000000 0.000000 0.000000 0.000000 1.000000
0.999813 0.003380 -0.019043 0.000000 -0.005083 0.995918 -0.090117 11.128500 0.018660 0.090197 0.995749 0.000000 0.000000 0.000000 0.000000 1.000000
0.999704 0.004812 -0.023847 -0.000000 -0.006913 0.996025 -0.088807 11.128500 0.023325 0.088946 0.995763 0.000000 0.000000 0.000000 0.000000 1.000000
0.999542 0.008870 -0.028921 0.000000 -0.011375 0.996090 -0.087611 11.128500 0.028030 0.087900 0.995735 0.000000 0.000000 0.000000 0.000000 1.000000
0.999231 0.014451 -0.036447 0.000000 -0.017643 0.995889 -0.088847 11.128500 0.035013 0.089422 0.995378 0.000000 0.000000 0.000000 0.000000 1.000000
0.998721 0.019977 -0.046443 0.000000 -0.024241 0.995359 -0.093133 11.128500 0.044367 0.094140 0.994570 0.000000 0.000000 0.000000 0.000000 1.000000</float_array>
        <technique_common>
          <accessor source="#mixamorig_Spine1-Matrix-animation-output-transform-array" count="49" stride="16">
            <param type="float4x4"/>
          </accessor>
        </technique_common>
      </source>
      <source id="mixamorig_Spine1-Interpolations">
        <Name_array id="mixamorig_Spine1-Interpolations-array" count="49">
 LINEAR LINEAR LINEAR LINEAR LINEAR LINEAR LINEAR LINEAR LINEAR LINEAR LINEAR
LINEAR LINEAR LINEAR LINEAR LINEAR LINEAR LINEAR LINEAR LINEAR LINEAR LINEAR LINEAR
LINEAR LINEAR LINEAR LINEAR LINEAR LINEAR LINEAR LINEAR LINEAR LINEAR LINEAR LINEAR
LINEAR LINEAR LINEAR LINEAR LINEAR LINEAR LINEAR LINEAR LINEAR LINEAR LINEAR LINEAR
LINEAR LINEAR</Name_array>
        <technique_common>
          <accessor source="#mixamorig_Spine1-Interpolations-array" count="49">
            <param type="name"/>
          </accessor>
        </technique_common>
      </source>
      <sampler id="mixamorig_Spine1-Matrix-animation-transform">
        <input semantic="INPUT" source="#mixamorig_Spine1-Matrix-animation-input"/>
        <input semantic="OUTPUT" source="#mixamorig_Spine1-Matrix-animation-output-transform"/>
        <input semantic="INTERPOLATION" source="#mixamorig_Spine1-Interpolations"/>
      </sampler>
      <channel source="#mixamorig_Spine1-Matrix-animation-transform" target="mixamorig_Spine1/matrix"/>
    </animation>
    <animation id="mixamorig_Spine2-anim" name="mixamorig_Spine2">
      <source id="mixamorig_Spine2-Matrix-animation-input">
        <float_array id="mixamorig_Spine2-Matrix-animation-input-array" count="49">

0.000000 0.033333 0.066667 0.100000 0.133333 0.166667 0.200000 0.233333 0.266667 0.300000 0.333333 0.366667 0.400000 0.433333 0.466667 0.500000
0.533333 0.566667 0.600000 0.633333 0.666667 0.700000 0.733333 0.766667 0.800000 0.833333 0.866667 0.900000 0.933333 0.966667 1.000000 1.033333
1.066667 1.100000 1.133333 1.166667 1.200000 1.233333 1.266667 1.300000 1.333333 1.366667 1.400000 1.433333 1.466667 1.500000 1.533333 1.566667
1.600000</float_array>
        <technique_common>
          <accessor source="#mixamorig_Spine2-Matrix-animation-input-array" count="49">
            <param name="TIME" type="float"/>
          </accessor>
        </technique_common>
      </source>
      <source id="mixamorig_Spine2-Matrix-animation-output-transform">
        <float_array id="mixamorig_Spine2-Matrix-animation-output-transform-array" count="784">

0.999908 0.000377 -0.013548 0.000000 -0.003419 0.974306 -0.225202 12.718300 0.013115 0.225228 0.974218 0.000000 0.000000 0.000000 0.000000 1.000000
0.999329 -0.009393 -0.035406 0.000000 0.002696 0.982802 -0.184644 12.718300 0.036532 0.184425 0.982167 0.000000 0.000000 0.000000 0.000000 1.000000
0.998106 -0.005753 -0.061251 0.000000 -0.000505 0.994818 -0.101670 12.718300 0.061518 0.101508 0.992931 0.000000 0.000000 0.000000 0.000000 1.000000
0.995566 0.008629 -0.093672 -0.000000 -0.010853 0.999671 -0.023257 12.718300 0.093441 0.024170 0.995331 0.000000 0.000000 0.000000 0.000000 1.000000
0.992756 0.022471 -0.118028 -0.000000 -0.019927 0.999544 0.022687 12.718300 0.118484 -0.020171 0.992751 0.000000 0.000000 0.000000 0.000000 1.000000
0.991766 0.027319 -0.125115 0.000000 -0.023199 0.999143 0.034273 12.718300 0.125944 -0.031088 0.991550 0.000000 0.000000 0.000000 0.000000 1.000000
0.993332 0.023215 -0.112923 0.000000 -0.019175 0.999141 0.036726 12.718300 0.113679 -0.034315 0.992925 0.000000 0.000000 0.000000 0.000000 1.000000
0.995831 0.007727 -0.090886 0.000000 -0.004438 0.999330 0.036334 12.718300 0.091106 -0.035780 0.995198 0.000000 0.000000 0.000000 0.000000 1.000000
0.998073 -0.013260 -0.060621 0.000000 0.015419 0.999258 0.035303 12.718300 0.060108 -0.036169 0.997536 0.000000 0.000000 0.000000 0.000000 1.000000
0.998677 -0.033466 -0.039043 0.000000 0.034806 0.998810 0.034149 12.718300 0.037854 -0.035463 0.998654 0.000000 0.000000 0.000000 0.000000 1.000000
0.998333 -0.053892 -0.020638 0.000000 0.054538 0.997995 0.032130 12.718300 0.018865 -0.033202 0.999271 0.000000 0.000000 0.000000 0.000000 1.000000
0.997487 -0.070495 -0.007038 0.000000 0.070600 0.997376 0.016032 12.718300 0.005889 -0.016488 0.999847 0.000000 0.000000 0.000000 0.000000 1.000000
0.997112 -0.075825 0.004279 0.000000 0.075828 0.997121 -0.000420 12.718300 -0.004235 0.000744 0.999991 0.000000 0.000000 0.000000 0.000000 1.000000
0.997792 -0.066105 0.006359 -0.000000 0.066244 0.997490 -0.024992 12.718300 -0.004691 0.025358 0.999667 0.000000 0.000000 0.000000 0.000000 1.000000
0.998773 -0.049514 -0.000544 -0.000000 0.049453 0.997987 -0.039700 12.718300 0.002509 0.039625 0.999211 0.000000 0.000000 0.000000 0.000000 1.000000
0.998749 -0.049550 0.006703 0.000000 0.049819 0.997558 -0.048948 12.718300 -0.004261 0.049221 0.998779 0.000000 0.000000 0.000000 0.000000 1.000000
0.998169 -0.054739 0.025722 0.000000 0.056188 0.996650 -0.059437 12.718300 -0.022383 0.060773 0.997901 0.000000 0.000000 0.000000 0.000000 1.000000
0.997698 -0.060635 0.030356 0.000000 0.062592 0.995698 -0.068327 12.718300 -0.026082 0.070070 0.997201 0.000000 0.000000 0.000000 0.000000 1.000000
0.997198 -0.065652 0.035850 -0.000000 0.068313 0.994543 -0.078857 12.718300 -0.030478 0.081085 0.996241 0.000000 0.000000 0.000000 0.000000 1.000000
0.996751 -0.063090 0.050073 0.000000 0.067417 0.993655 -0.090030 12.718300 -0.044075 0.093113 0.994680 0.000000 0.000000 0.000000 0.000000 1.000000
0.997473 -0.046819 0.053440 0.000000 0.051685 0.994263 -0.093643 12.718300 -0.048749 0.096168 0.994171 0.000000 0.000000 0.000000 0.000000 1.000000
0.998950 -0.023056 0.039581 0.000000 0.026218 0.996343 -0.081324 12.718300 -0.037561 0.082277 0.995901 0.000000 0.000000 0.000000 0.000000 1.000000
0.999372 -0.011593 0.033499 0.000000 0.013763 0.997772 -0.065280 12.718300 -0.032668 0.065700 0.997305 0.000000 0.000000 0.000000 0.000000 1.000000
0.999345 -0.013027 0.033763 -0.000000 0.015090 0.997989 -0.061571 12.718300 -0.032893 0.062040 0.997532 0.000000 0.000000 0.000000 0.000000 1.000000
0.999639 -0.017160 0.020671 -0.000000 0.018640 0.997107 -0.073683 12.718300 -0.019347 0.074042 0.997067 0.000000 0.000000 0.000000 0.000000 1.000000
0.999809 -0.015294 -0.012152 0.000000 0.014162 0.995992 -0.088317 12.718300 0.013454 0.088128 0.996018 -0.000000 0.000000 0.000000 0.000000 1.000000
0.999081 -0.010938 -0.041445 0.000000 0.006727 0.994922 -0.100420 12.718300 0.042333 0.100049 0.994082 0.000000 0.000000 0.000000 0.000000 1.000000
0.998902 -0.003054 -0.046747 0.000000 -0.002197 0.993722 -0.111854 12.718300 0.046796 0.111834 0.992624 0.000000 0.000000 0.000000 0.000000 1.000000
0.999019 0.011387 -0.042800 0.000000 -0.016796 0.991603 -0.128222 12.718300 0.040981 0.128815 0.990822 0.000000 0.000000 0.000000 0.000000 1.000000
0.998858 0.026085 -0.040036 -0.000000 -0.031561 0.989236 -0.142881 12.718300 0.035878 0.143982 0.988930 0.000000 0.000000 0.000000 0.000000 1.000000
0.998639 0.034202 -0.039386 0.000000 -0.039808 0.987623 -0.151710 12.718300 0.033710 0.153071 0.987640 -0.000000 0.000000 0.000000 0.000000 1.000000
0.998573 0.034438 -0.040818 0.000000 -0.040403 0.986973 -0.155727 12.718300 0.034924 0.157154 0.986956 -0.000000 0.000000 0.000000 0.000000 1.000000
0.998495 0.027891 -0.047230 0.000000 -0.034951 0.987146 -0.155954 12.718300 0.042273 0.157370 0.986634 0.000000 0.000000 0.000000 0.000000 1.000000
0.998319 0.016643 -0.055511 0.000000 -0.025010 0.987812 -0.153631 12.718300 0.052278 0.154761 0.986568 -0.000000 0.000000 0.000000 0.000000 1.000000
0.998729 0.003482 -0.050280 0.000000 -0.010863 0.989034 -0.147286 12.718300 0.049216 0.147645 0.987815 0.000000 0.000000 0.000000 0.000000 1.000000
0.999547 -0.008844 -0.028780 0.000000 0.004805 0.990488 -0.137517 12.718300 0.029722 0.137317 0.990081 0.000000 0.000000 0.000000 0.000000 1.000000
0.999839 -0.017048 -0.005644 0.000000 0.016185 0.991635 -0.128056 12.718300 0.007780 0.127944 0.991751 0.000000 0.000000 0.000000 0.000000 1.000000
0.999809 -0.019274 0.003079 0.000000 0.019506 0.992254 -0.122682 12.718300 -0.000691 0.122718 0.992441 0.000000 0.000000 0.000000 0.000000 1.000000
0.999849 -0.017323 0.001290 0.000000 0.017352 0.992579 -0.120358 12.718300 0.000805 0.120362 0.992730 0.000000 0.000000 0.000000 0.000000 1.000000
0.999897 -0.013454 -0.004943 0.000000 0.012765 0.992715 -0.119805 12.718300 0.006519 0.119729 0.992785 0.000000 0.000000 0.000000 0.000000 1.000000
0.999892 -0.009700 -0.011019 0.000000 0.008307 0.992727 -0.120104 12.718300 0.012104 0.120000 0.992700 0.000000 0.000000 0.000000 0.000000 1.000000
0.999881 -0.007693 -0.013350 0.000000 0.006014 0.992562 -0.121591 12.718300 0.014186 0.121497 0.992490 0.000000 0.000000 0.000000 0.000000 1.000000
0.999900 -0.006099 -0.012736 0.000000 0.004456 0.992112 -0.125272 12.718300 0.013400 0.125203 0.992041 0.000000 0.000000 0.000000 0.000000 1.000000
0.999907 -0.002159 -0.013432 0.000000 0.000462 0.992143 -0.125108 12.718300 0.013596 0.125090 0.992052 0.000000 0.000000 0.000000 0.000000 1.000000
0.999845 -0.001341 -0.017532 0.000000 -0.000863 0.992140 -0.125127 12.718300 0.017562 0.125123 0.991986 0.000000 0.000000 0.000000 0.000000 1.000000
0.999754 -0.000350 -0.022172 0.000000 -0.002402 0.992283 -0.123973 12.718300 0.022044 0.123996 0.992038 0.000000 0.000000 0.000000 0.000000 1.000000
0.999624 0.003283 -0.027214 0.000000 -0.006608 0.992383 -0.123016 12.718300 0.026603 0.123150 0.992031 0.000000 0.000000 0.000000 0.000000 1.000000
0.999364 0.008230 -0.034708 0.000000 -0.012498 0.992127 -0.124613 12.718300 0.033409 0.124967 0.991598 0.000000 0.000000 0.000000 0.000000 1.000000
0.998931 0.012851 -0.044401 -0.000000 -0.018508 0.991413 -0.129449 12.718300 0.042356 0.130133 0.990591 0.000000 0.000000 0.000000 0.000000 1.000000</float_array>
        <technique_common>
          <accessor source="#mixamorig_Spine2-Matrix-animation-output-transform-array" count="49" stride="16">
            <param type="float4x4"/>
          </accessor>
        </technique_common>
      </source>
      <source id="mixamorig_Spine2-Interpolations">
        <Name_array id="mixamorig_Spine2-Interpolations-array" count="49">
 LINEAR LINEAR LINEAR LINEAR LINEAR LINEAR LINEAR LINEAR LINEAR LINEAR LINEAR
LINEAR LINEAR LINEAR LINEAR LINEAR LINEAR LINEAR LINEAR LINEAR LINEAR LINEAR LINEAR
LINEAR LINEAR LINEAR LINEAR LINEAR LINEAR LINEAR LINEAR LINEAR LINEAR LINEAR LINEAR
LINEAR LINEAR LINEAR LINEAR LINEAR LINEAR LINEAR LINEAR LINEAR LINEAR LINEAR LINEAR
LINEAR LINEAR</Name_array>
        <technique_common>
          <accessor source="#mixamorig_Spine2-Interpolations-array" count="49">
            <param type="name"/>
          </accessor>
        </technique_common>
      </source>
      <sampler id="mixamorig_Spine2-Matrix-animation-transform">
        <input semantic="INPUT" source="#mixamorig_Spine2-Matrix-animation-input"/>
        <input semantic="OUTPUT" source="#mixamorig_Spine2-Matrix-animation-output-transform"/>
        <input semantic="INTERPOLATION" source="#mixamorig_Spine2-Interpolations"/>
      </sampler>
      <channel source="#mixamorig_Spine2-Matrix-animation-transform" target="mixamorig_Spine2/matrix"/>
    </animation>
    <animation id="mixamorig_Neck-anim" name="mixamorig_Neck">
      <source id="mixamorig_Neck-Matrix-animation-input">
        <float_array id="mixamorig_Neck-Matrix-animation-input-array" count="49">

