<?xml version="1.0" encoding="utf-8"?>
<COLLADA xmlns="http://www.collada.org/2005/11/COLLADASchema" version="1.4.1">
  <asset>
    <contributor>
      <author>Mixamo</author>
      <authoring_tool>COLLADA Mixamo exporter</authoring_tool>
      <comments/>
    </contributor>
    <created>2024-06-01T16:31:17Z</created>
    <modified>2024-06-01T16:31:17Z</modified>
    <revision/>
    <title/>
    <unit meter="0.010000"/>
    <up_axis>Y_UP</up_axis>
  </asset>
  <library_animations>
    <animation id="mixamorig_Hips-anim" name="mixamorig_Hips">
      <source id="mixamorig_Hips-Matrix-animation-input">
        <float_array id="mixamorig_Hips-Matrix-animation-input-array" count="30">

0.000000 0.033333 0.066667 0.100000 0.133333 0.166667 0.200000 0.233333 0.266667 0.300000 0.333333 0.366667 0.400000 0.433333 0.466667 0.500000
0.533333 0.566667 0.600000 0.633333 0.666667 0.700000 0.733333 0.766667 0.800000 0.833333 0.866667 0.900000 0.933333 0.966667</float_array>
        <technique_common>
          <accessor source="#mixamorig_Hips-Matrix-animation-input-array" count="30">
            <param name="TIME" type="float"/>
          </accessor>
        </technique_common>
      </source>
      <source id="mixamorig_Hips-Matrix-animation-output-transform">
        <float_array id="mixamorig_Hips-Matrix-animation-output-transform-array" count="480">

0.998388 -0.012186 0.055431 0.262075 0.008927 0.998237 0.058672 94.670700 -0.056048 -0.058083 0.996737 0.373776 0.000000 0.000000 0.000000 1.000000
0.999163 -0.026135 0.031477 0.231268 0.024862 0.998882 0.040196 94.453423 -0.032493 -0.039380 0.998696 0.481287 0.000000 0.000000 0.000000 1.000000
0.999392 -0.033510 0.009600 0.328212 0.033261 0.999134 0.025010 93.733521 -0.010430 -0.024676 0.999641 0.712904 0.000000 0.000000 0.000000 1.000000
0.999485 -0.032061 0.001616 0.467229 0.032036 0.999393 0.013656 92.187737 -0.002053 -0.013597 0.999905 1.378910 0.000000 0.000000 0.000000 1.000000
0.999660 -0.025744 -0.004155 0.666809 0.025767 0.999651 0.005753 90.000160 0.004006 -0.005859 0.999975 2.165418 0.000000 0.000000 0.000000 1.000000
0.999421 -0.022103 -0.025856 0.947839 0.022244 0.999739 0.005191 88.890610 0.025734 -0.005763 0.999652 2.806168 0.000000 0.000000 0.000000 1.000000
0.998143 -0.027015 -0.054598 1.291288 0.027396 0.999605 0.006225 88.246788 0.054408 -0.007709 0.998489 2.898270 0.000000 0.000000 0.000000 1.000000
0.996014 -0.046464 -0.076140 1.728835 0.047526 0.998796 0.012196 88.041473 0.075482 -0.015766 0.997023 3.670712 0.000000 0.000000 0.000000 1.000000
0.993653 -0.067648 -0.089871 2.235377 0.069861 0.997321 0.021707 88.222618 0.088162 -0.027848 0.995717 4.663274 0.000000 0.000000 0.000000 1.000000
0.994207 -0.077772 -0.074190 2.644392 0.079654 0.996563 0.022755 88.318710 0.072165 -0.028533 0.996984 5.085143 0.000000 0.000000 0.000000 1.000000
0.996462 -0.078094 -0.031071 3.043449 0.079046 0.996398 0.030697 89.201035 0.028562 -0.033045 0.999046 5.237356 0.000000 0.000000 0.000000 1.000000
0.997790 -0.065703 0.009962 3.386305 0.065244 0.997029 0.040945 90.596184 -0.012623 -0.040204 0.999112 5.357459 0.000000 0.000000 0.000000 1.000000
0.998145 -0.047582 0.037982 3.575800 0.045775 0.997840 0.047110 92.232338 -0.040141 -0.045284 0.998167 5.401870 0.000000 0.000000 0.000000 1.000000
0.997511 -0.037619 0.059633 3.680613 0.034897 0.998329 0.046048 93.603416 -0.061266 -0.043853 0.997158 5.234802 0.000000 0.000000 0.000000 1.000000
0.996395 -0.032671 0.078293 3.748786 0.029626 0.998771 0.039743 94.325401 -0.079495 -0.037280 0.996138 4.833210 0.000000 0.000000 0.000000 1.000000
0.994734 -0.031795 0.097432 3.700651 0.028779 0.999067 0.032202 94.322479 -0.098365 -0.029229 0.994721 4.304897 0.000000 0.000000 0.000000 1.000000
0.992373 -0.035609 0.118020 3.590454 0.033344 0.999221 0.021112 93.894218 -0.118680 -0.017016 0.992787 3.585685 0.000000 0.000000 0.000000 1.000000
0.989841 -0.042975 0.135530 3.482644 0.042939 0.999073 0.003194 92.968140 -0.135541 0.002658 0.990768 2.706751 0.000000 0.000000 0.000000 1.000000
0.988407 -0.053764 0.141990 3.306494 0.055975 0.998364 -0.011625 91.713150 -0.141133 0.019438 0.989800 2.081642 0.000000 0.000000 0.000000 1.000000
0.987344 -0.062607 0.145711 3.029253 0.065559 0.997728 -0.015539 90.334442 -0.144407 0.024895 0.989205 1.634653 0.000000 0.000000 0.000000 1.000000
0.986538 -0.060801 0.151806 2.612122 0.063773 0.997855 -0.014786 89.146294 -0.150582 0.024268 0.988300 1.163520 0.000000 0.000000 0.000000 1.000000
0.986591 -0.045424 0.156765 2.207275 0.047315 0.998845 -0.008350 88.448494 -0.156204 0.015656 0.987601 1.213317 0.000000 0.000000 0.000000 1.000000
0.983411 -0.030024 0.178891 1.876547 0.028869 0.999542 0.009056 88.481796 -0.179081 -0.003742 0.983827 1.724692 0.000000 0.000000 0.000000 1.000000
0.978362 -0.012542 0.206521 1.219975 0.008535 0.999758 0.020283 88.638824 -0.206726 -0.018081 0.978232 2.474315 0.000000 0.000000 0.000000 1.000000
0.980313 0.009194 0.197235 0.664366 -0.014863 0.999517 0.027282 89.045166 -0.196889 -0.029677 0.979977 2.857558 0.000000 0.000000 0.000000 1.000000
0.987078 0.017750 0.159256 0.352323 -0.024789 0.998796 0.042328 90.045975 -0.158313 -0.045728 0.986329 2.889291 0.000000 0.000000 0.000000 1.000000
0.991220 0.011499 0.131719 0.136120 -0.018777 0.998357 0.054140 91.422112 -0.130880 -0.056138 0.989808 2.684110 0.000000 0.000000 0.000000 1.000000
0.993897 0.001176 0.110305 0.041650 -0.008269 0.997925 0.063861 92.863228 -0.110001 -0.064384 0.991844 2.392295 0.000000 0.000000 0.000000 1.000000
0.996076 -0.004410 0.088395 0.062770 -0.001388 0.997857 0.065425 93.996429 -0.088494 -0.065291 0.993935 1.771910 0.000000 0.000000 0.000000 1.000000
0.997805 -0.008332 0.065689 0.196681 0.004246 0.998061 0.062097 94.626259 -0.066079 -0.061682 0.995906 0.882831 0.000000 0.000000 0.000000 1.000000</float_array>
        <technique_common>
          <accessor source="#mixamorig_Hips-Matrix-animation-output-transform-array" count="30" stride="16">
            <param type="float4x4"/>
          </accessor>
        </technique_common>
      </source>
      <source id="mixamorig_Hips-Interpolations">
        <Name_array id="mixamorig_Hips-Interpolations-array" count="30">
 LINEAR LINEAR LINEAR LINEAR LINEAR LINEAR LINEAR LINEAR LINEAR LINEAR LINEAR
LINEAR LINEAR LINEAR LINEAR LINEAR LINEAR LINEAR LINEAR LINEAR LINEAR LINEAR LINEAR
LINEAR LINEAR LINEAR LINEAR LINEAR LINEAR LINEAR</Name_array>
        <technique_common>
          <accessor source="#mixamorig_Hips-Interpolations-array" count="30">
            <param type="name"/>
          </accessor>
        </technique_common>
      </source>
      <sampler id="mixamorig_Hips-Matrix-animation-transform">
        <input semantic="INPUT" source="#mixamorig_Hips-Matrix-animation-input"/>
        <input semantic="OUTPUT" source="#mixamorig_Hips-Matrix-animation-output-transform"/>
        <input semantic="INTERPOLATION" source="#mixamorig_Hips-Interpolations"/>
      </sampler>
      <channel source="#mixamorig_Hips-Matrix-animation-transform" target="mixamorig_Hips/matrix"/>
    </animation>
    <animation id="mixamorig_Spine-anim" name="mixamorig_Spine">
      <source id="mixamorig_Spine-Matrix-animation-input">
        <float_array id="mixamorig_Spine-Matrix-animation-input-array" count="30">

0.000000 0.033333 0.066667 0.100000 0.133333 0.166667 0.200000 0.233333 0.266667 0.300000 0.333333 0.366667 0.400000 0.433333 0.466667 0.500000
0.533333 0.566667 0.600000 0.633333 0.666667 0.700000 0.733333 0.766667 0.800000 0.833333 0.866667 0.900000 0.933333 0.966667</float_array>
        <technique_common>
          <accessor source="#mixamorig_Spine-Matrix-animation-input-array" count="30">
            <param name="TIME" type="float"/>
          </accessor>
        </technique_common>
      </source>
      <source id="mixamorig_Spine-Matrix-animation-output-transform">
        <float_array id="mixamorig_Spine-Matrix-animation-output-transform-array" count="480">

0.999939 -0.009677 0.005345 -0.000000 0.009755 0.999843 -0.014815 10.871300 -0.005201 0.014866 0.999876 -0.951400 0.000000 0.000000 0.000000 1.000000
0.999505 0.007087 0.030647 0.000000 -0.006882 0.999953 -0.006790 10.871300 -0.030694 0.006576 0.999507 -0.951400 0.000000 0.000000 0.000000 1.000000
0.998567 0.016026 0.051056 0.000000 -0.015901 0.999870 -0.002846 10.871300 -0.051095 0.002031 0.998692 -0.951400 0.000000 0.000000 0.000000 1.000000
0.997971 0.016896 0.061388 0.000000 -0.017294 0.999833 0.005972 10.871300 -0.061276 -0.007021 0.998096 -0.951400 0.000000 0.000000 0.000000 1.000000
0.997228 0.015033 0.072866 -0.000000 -0.017185 0.999432 0.028991 10.871300 -0.072389 -0.030163 0.996920 -0.951400 0.000000 0.000000 0.000000 1.000000
0.995333 0.015497 0.095251 0.000000 -0.018275 0.999430 0.028369 10.871300 -0.094758 -0.029977 0.995049 -0.951400 0.000000 0.000000 0.000000 1.000000
0.992654 0.024009 0.118581 0.000000 -0.026847 0.999389 0.022386 10.871300 -0.117971 -0.025406 0.992692 -0.951400 0.000000 0.000000 0.000000 1.000000
0.989525 0.044672 0.137279 0.000000 -0.046664 0.998846 0.011324 10.871300 -0.136615 -0.017611 0.990468 -0.951400 0.000000 0.000000 0.000000 1.000000
0.987064 0.065994 0.146117 0.000000 -0.065954 0.997810 -0.005122 10.871300 -0.146135 -0.004581 0.989254 -0.951400 0.000000 0.000000 0.000000 1.000000
0.988392 0.073812 0.132789 0.000000 -0.073041 0.997272 -0.010680 10.871300 -0.133215 0.000857 0.991087 -0.951400 0.000000 0.000000 0.000000 1.000000
0.992922 0.067416 0.097779 0.000000 -0.066052 0.997669 -0.017117 10.871300 -0.098705 0.010538 0.995061 -0.951400 0.000000 0.000000 0.000000 1.000000
0.997163 0.046968 0.058813 0.000000 -0.045891 0.998755 -0.019537 10.871300 -0.059657 0.016783 0.998078 -0.951400 0.000000 0.000000 0.000000 1.000000
0.999355 0.024864 0.025923 -0.000000 -0.024365 0.999515 -0.019415 10.871300 -0.026393 0.018771 0.999475 -0.951400 0.000000 0.000000 0.000000 1.000000
0.999913 0.012719 -0.003633 0.000000 -0.012782 0.999755 -0.018059 10.871300 0.003403 0.018104 0.999830 -0.951400 0.000000 0.000000 0.000000 1.000000
0.999606 0.005570 -0.027521 0.000000 -0.006037 0.999839 -0.016900 10.871300 0.027422 0.017060 0.999478 -0.951400 0.000000 0.000000 0.000000 1.000000
0.998929 0.004359 -0.046057 0.000000 -0.005096 0.999861 -0.015900 10.871300 0.045982 0.016118 0.998812 -0.951400 0.000000 0.000000 0.000000 1.000000
0.997842 0.007060 -0.065281 0.000000 -0.007902 0.999889 -0.012660 10.871300 0.065184 0.013149 0.997787 -0.951400 0.000000 0.000000 0.000000 1.000000
0.996802 0.012022 -0.079000 0.000000 -0.012242 0.999922 -0.002309 10.871300 0.078966 0.003269 0.996872 -0.951400 0.000000 0.000000 0.000000 1.000000
0.996195 0.021994 -0.084337 -0.000000 -0.020957 0.999694 0.013154 10.871300 0.084600 -0.011336 0.996351 -0.951400 0.000000 0.000000 0.000000 1.000000
0.995293 0.028774 -0.092536 0.000000 -0.027356 0.999489 0.016559 10.871300 0.092965 -0.013950 0.995572 -0.951400 0.000000 0.000000 0.000000 1.000000
0.993724 0.027208 -0.108497 0.000000 -0.025788 0.999563 0.014464 10.871300 0.108843 -0.011575 0.993992 -0.951400 0.000000 0.000000 0.000000 1.000000
0.991507 0.012514 -0.129448 0.000000 -0.010659 0.999831 0.015008 10.871300 0.129614 -0.013500 0.991473 -0.951400 0.000000 0.000000 0.000000 1.000000
0.987629 -0.004955 -0.156728 0.000000 0.006652 0.999925 0.010302 10.871300 0.156665 -0.011217 0.987588 -0.951400 0.000000 0.000000 0.000000 1.000000
0.984672 -0.016152 -0.173666 0.000000 0.018700 0.999740 0.013047 10.871300 0.173410 -0.016095 0.984718 -0.951400 0.000000 0.000000 0.000000 1.000000
0.986308 -0.032274 -0.161726 0.000000 0.034420 0.999352 0.010490 10.871300 0.161283 -0.015913 0.986780 -0.951400 0.000000 0.000000 0.000000 1.000000
0.990786 -0.040045 -0.129379 0.000000 0.040366 0.999185 -0.000144 10.871300 0.129279 -0.005080 0.991595 -0.951400 0.000000 0.000000 0.000000 1.000000
0.994380 -0.032153 -0.100870 0.000000 0.031492 0.999471 -0.008147 10.871300 0.101078 0.004925 0.994866 -0.951400 0.000000 0.000000 0.000000 1.000000
0.997322 -0.021417 -0.069925 0.000000 0.020450 0.999685 -0.014519 10.871300 0.070214 0.013050 0.997447 -0.951400 0.000000 0.000000 0.000000 1.000000
0.999201 -0.016604 -0.036351 0.000000 0.016020 0.999739 -0.016305 10.871300 0.036612 0.015710 0.999206 -0.951400 0.000000 0.000000 0.000000 1.000000
0.999876 -0.013670 -0.007815 0.000000 0.013542 0.999777 -0.016202 10.871300 0.008035 0.016094 0.999838 -0.951400 0.000000 0.000000 0.000000 1.000000</float_array>
        <technique_common>
          <accessor source="#mixamorig_Spine-Matrix-animation-output-transform-array" count="30" stride="16">
            <param type="float4x4"/>
          </accessor>
        </technique_common>
      </source>
      <source id="mixamorig_Spine-Interpolations">
        <Name_array id="mixamorig_Spine-Interpolations-array" count="30">
 LINEAR LINEAR LINEAR LINEAR LINEAR LINEAR LINEAR LINEAR LINEAR LINEAR LINEAR
LINEAR LINEAR LINEAR LINEAR LINEAR LINEAR LINEAR LINEAR LINEAR LINEAR LINEAR LINEAR
LINEAR LINEAR LINEAR LINEAR LINEAR LINEAR LINEAR</Name_array>
        <technique_common>
          <accessor source="#mixamorig_Spine-Interpolations-array" count="30">
            <param type="name"/>
          </accessor>
        </technique_common>
      </source>
      <sampler id="mixamorig_Spine-Matrix-animation-transform">
        <input semantic="INPUT" source="#mixamorig_Spine-Matrix-animation-input"/>
        <input semantic="OUTPUT" source="#mixamorig_Spine-Matrix-animation-output-transform"/>
        <input semantic="INTERPOLATION" source="#mixamorig_Spine-Interpolations"/>
      </sampler>
      <channel source="#mixamorig_Spine-Matrix-animation-transform" target="mixamorig_Spine/matrix"/>
    </animation>
    <animation id="mixamorig_Spine1-anim" name="mixamorig_Spine1">
      <source id="mixamorig_Spine1-Matrix-animation-input">
        <float_array id="mixamorig_Spine1-Matrix-animation-input-array" count="30">

0.000000 0.033333 0.066667 0.100000 0.133333 0.166667 0.200000 0.233333 0.266667 0.300000 0.333333 0.366667 0.400000 0.433333 0.466667 0.500000
0.533333 0.566667 0.600000 0.633333 0.666667 0.700000 0.733333 0.766667 0.800000 0.833333 0.866667 0.900000 0.933333 0.966667</float_array>
        <technique_common>
          <accessor source="#mixamorig_Spine1-Matrix-animation-input-array" count="30">
            <param name="TIME" type="float"/>
          </accessor>
        </technique_common>
      </source>
      <source id="mixamorig_Spine1-Matrix-animation-output-transform">
        <float_array id="mixamorig_Spine1-Matrix-animation-output-transform-array" count="480">

0.999990 -0.004190 0.001314 0.000000 0.004205 0.999927 -0.011333 12.731600 -0.001267 0.011338 0.999935 0.000000 0.000000 0.000000 0.000000 1.000000
0.999962 -0.001794 0.008569 0.000000 0.001888 0.999939 -0.010894 12.731600 -0.008549 0.010910 0.999904 0.000000 0.000000 0.000000 0.000000 1.000000
0.999898 -0.000708 0.014276 0.000000 0.000863 0.999941 -0.010819 12.731600 -0.014267 0.010830 0.999840 0.000000 0.000000 0.000000 0.000000 1.000000
0.999854 -0.001325 0.017025 0.000000 0.001551 0.999911 -0.013288 12.731600 -0.017006 0.013312 0.999767 0.000000 0.000000 0.000000 0.000000 1.000000
0.999797 -0.002294 0.020029 0.000000 0.002718 0.999773 -0.021139 12.731600 -0.019975 0.021189 0.999576 0.000000 0.000000 0.000000 0.000000 1.000000
0.999658 -0.001583 0.026116 0.000000 0.002110 0.999795 -0.020152 12.731600 -0.026079 0.020200 0.999456 0.000000 0.000000 0.000000 0.000000 1.000000
0.999466 -0.000646 0.032676 0.000000 0.001198 0.999857 -0.016876 12.731600 -0.032661 0.016907 0.999323 -0.000000 0.000000 0.000000 0.000000 1.000000
0.999263 0.002679 0.038301 -0.000000 -0.002248 0.999934 -0.011288 12.731600 -0.038328 0.011194 0.999202 0.000000 0.000000 0.000000 0.000000 1.000000
0.999115 0.006724 0.041516 0.000000 -0.006474 0.999960 -0.006164 12.731600 -0.041556 0.005889 0.999119 0.000000 0.000000 0.000000 0.000000 1.000000
0.999236 0.008355 0.038187 0.000000 -0.008188 0.999956 -0.004521 12.731600 -0.038223 0.004204 0.999260 0.000000 0.000000 0.000000 0.000000 1.000000
0.999562 0.008351 0.028388 0.000000 -0.008211 0.999954 -0.005033 12.731600 -0.028429 0.004798 0.999584 0.000000 0.000000 0.000000 0.000000 1.000000
0.999838 0.005591 0.017100 0.000000 -0.005484 0.999965 -0.006300 12.731600 -0.017135 0.006206 0.999834 0.000000 0.000000 0.000000 0.000000 1.000000
0.999970 0.002103 0.007478 0.000000 -0.002049 0.999972 -0.007202 12.731600 -0.007493 0.007186 0.999946 0.000000 0.000000 0.000000 0.000000 1.000000
0.999999 0.000772 -0.000940 0.000000 -0.000779 0.999973 -0.007306 12.731600 0.000935 0.007307 0.999973 0.000000 0.000000 0.000000 0.000000 1.000000
0.999971 0.000517 -0.007648 -0.000000 -0.000572 0.999974 -0.007193 12.731600 0.007644 0.007197 0.999945 0.000000 0.000000 0.000000 0.000000 1.000000
0.999919 0.000419 -0.012734 0.000000 -0.000517 0.999970 -0.007725 12.731600 0.012731 0.007731 0.999889 -0.000000 0.000000 0.000000 0.000000 1.000000
0.999838 0.001728 -0.017921 0.000000 -0.001875 0.999965 -0.008167 12.731600 0.017906 0.008200 0.999806 -0.000000 0.000000 0.000000 0.000000 1.000000
0.999762 0.002988 -0.021597 0.000000 -0.003138 0.999971 -0.006951 12.731600 0.021575 0.007017 0.999743 0.000000 0.000000 0.000000 0.000000 1.000000
0.999731 0.003478 -0.022927 0.000000 -0.003695 0.999948 -0.009465 12.731600 0.022893 0.009547 0.999692 0.000000 0.000000 0.000000 0.000000 1.000000
0.999679 0.003960 -0.025031 0.000000 -0.004237 0.999930 -0.011026 12.731600 0.024985 0.011128 0.999626 0.000000 0.000000 0.000000 0.000000 1.000000
0.999561 0.003630 -0.029394 0.000000 -0.003955 0.999932 -0.011006 12.731600 0.029352 0.011118 0.999507 -0.000000 0.000000 0.000000 0.000000 1.000000
0.999371 0.001793 -0.035428 0.000000 -0.002151 0.999947 -0.010057 12.731600 0.035409 0.010126 0.999322 0.000000 0.000000 0.000000 0.000000 1.000000
0.999062 -0.000498 -0.043304 0.000000 0.000260 0.999985 -0.005509 12.731600 0.043306 0.005492 0.999047 0.000000 0.000000 0.000000 0.000000 1.000000
0.998832 -0.001996 -0.048277 -0.000000 0.001925 0.999997 -0.001511 12.731600 0.048280 0.001416 0.998833 0.000000 0.000000 0.000000 0.000000 1.000000
0.998960 -0.005443 -0.045278 0.000000 0.005383 0.999984 -0.001456 12.731600 0.045285 0.001211 0.998973 0.000000 0.000000 0.000000 0.000000 1.000000
0.999300 -0.008577 -0.036423 0.000000 0.008428 0.999955 -0.004244 12.731600 0.036458 0.003934 0.999327 -0.000000 0.000000 0.000000 0.000000 1.000000
0.999567 -0.007739 -0.028395 -0.000000 0.007548 0.999948 -0.006808 12.731600 0.028446 0.006590 0.999574 0.000000 0.000000 0.000000 0.000000 1.000000
0.999789 -0.005768 -0.019710 -0.000000 0.005588 0.999942 -0.009193 12.731600 0.019762 0.009081 0.999763 0.000000 0.000000 0.000000 0.000000 1.000000
0.999935 -0.004813 -0.010355 0.000000 0.004709 0.999939 -0.010031 12.731600 0.010403 0.009981 0.999896 0.000000 0.000000 0.000000 0.000000 1.000000
0.999987 -0.004481 -0.002386 0.000000 0.004455 0.999930 -0.010930 12.731600 0.002434 0.010919 0.999937 0.000000 0.000000 0.000000 0.000000 1.000000</float_array>
        <technique_common>
          <accessor source="#mixamorig_Spine1-Matrix-animation-output-transform-array" count="30" stride="16">
            <param type="float4x4"/>
          </accessor>
        </technique_common>
      </source>
      <source id="mixamorig_Spine1-Interpolations">
        <Name_array id="mixamorig_Spine1-Interpolations-array" count="30">
 LINEAR LINEAR LINEAR LINEAR LINEAR LINEAR LINEAR LINEAR LINEAR LINEAR LINEAR
LINEAR LINEAR LINEAR LINEAR LINEAR LINEAR LINEAR LINEAR LINEAR LINEAR LINEAR LINEAR
LINEAR LINEAR LINEAR LINEAR LINEAR LINEAR LINEAR</Name_array>
        <technique_common>
          <accessor source="#mixamorig_Spine1-Interpolations-array" count="30">
            <param type="name"/>
          </accessor>
        </technique_common>
      </source>
      <sampler id="mixamorig_Spine1-Matrix-animation-transform">
        <input semantic="INPUT" source="#mixamorig_Spine1-Matrix-animation-input"/>
        <input semantic="OUTPUT" source="#mixamorig_Spine1-Matrix-animation-output-transform"/>
        <input semantic="INTERPOLATION" source="#mixamorig_Spine1-Interpolations"/>
      </sampler>
      <channel source="#mixamorig_Spine1-Matrix-animation-transform" target="mixamorig_Spine1/matrix"/>
    </animation>
    <animation id="mixamorig_Spine2-anim" name="mixamorig_Spine2">
      <source id="mixamorig_Spine2-Matrix-animation-input">
        <float_array id="mixamorig_Spine2-Matrix-animation-input-array" count="30">

0.000000 0.033333 0.066667 0.100000 0.133333 0.166667 0.200000 0.233333 0.266667 0.300000 0.333333 0.366667 0.400000 0.433333 0.466667 0.500000
0.533333 0.566667 0.600000 0.633333 0.666667 0.700000 0.733333 0.766667 0.800000 0.833333 0.866667 0.900000 0.933333 0.966667</float_array>
        <technique_common>
          <accessor source="#mixamorig_Spine2-Matrix-animation-input-array" count="30">
            <param name="TIME" type="float"/>
          </accessor>
        </technique_common>
      </source>
      <source id="mixamorig_Spine2-Matrix-animation-output-transform">
        <float_array id="mixamorig_Spine2-Matrix-animation-output-transform-array" count="480">

0.999990 -0.004188 0.001238 0.000000 0.004202 0.999927 -0.011336 14.550400 -0.001190 0.011341 0.999935 -0.000000 0.000000 0.000000 0.000000 1.000000
0.999962 -0.001746 0.008501 0.000000 0.001839 0.999939 -0.010913 14.550400 -0.008482 0.010928 0.999904 0.000000 0.000000 0.000000 0.000000 1.000000
0.999899 -0.000624 0.014209 -0.000000 0.000778 0.999941 -0.010846 14.550400 -0.014201 0.010856 0.999840 -0.000000 0.000000 0.000000 0.000000 1.000000
0.999855 -0.001263 0.016963 0.000000 0.001489 0.999910 -0.013318 14.550400 -0.016944 0.013342 0.999767 0.000000 0.000000 0.000000 0.000000 1.000000
0.999798 -0.002388 0.019979 0.000000 0.002811 0.999772 -0.021157 14.550400 -0.019924 0.021209 0.999577 0.000000 0.000000 0.000000 0.000000 1.000000
0.999659 -0.001673 0.026068 0.000000 0.002200 0.999794 -0.020181 14.550400 -0.026029 0.020231 0.999456 0.000000 0.000000 0.000000 0.000000 1.000000
0.999467 -0.000705 0.032625 -0.000000 0.001258 0.999856 -0.016916 14.550400 -0.032608 0.016948 0.999325 0.000000 0.000000 0.000000 0.000000 1.000000
0.999264 0.002731 0.038263 0.000000 -0.002301 0.999934 -0.011298 14.550400 -0.038291 0.011202 0.999204 0.000000 0.000000 0.000000 0.000000 1.000000
0.999114 0.006835 0.041522 0.000000 -0.006588 0.999960 -0.006100 14.550400 -0.041562 0.005821 0.999119 0.000000 0.000000 0.000000 0.000000 1.000000
0.999233 0.008410 0.038247 0.000000 -0.008247 0.999956 -0.004405 14.550400 -0.038282 0.004086 0.999259 0.000000 0.000000 0.000000 0.000000 1.000000
0.999560 0.008408 0.028459 0.000000 -0.008271 0.999954 -0.004929 14.550400 -0.028499 0.004692 0.999583 0.000000 0.000000 0.000000 0.000000 1.000000
0.999837 0.005646 0.017131 0.000000 -0.005539 0.999965 -0.006260 14.550400 -0.017166 0.006164 0.999834 0.000000 0.000000 0.000000 0.000000 1.000000
0.999970 0.002131 0.007468 0.000000 -0.002078 0.999972 -0.007197 14.550400 -0.007483 0.007182 0.999946 0.000000 0.000000 0.000000 0.000000 1.000000
0.999999 0.000766 -0.000952 0.000000 -0.000773 0.999973 -0.007307 14.550400 0.000947 0.007308 0.999973 0.000000 0.000000 0.000000 0.000000 1.000000
0.999971 0.000482 -0.007649 -0.000000 -0.000537 0.999974 -0.007196 14.550400 0.007645 0.007200 0.999945 0.000000 0.000000 0.000000 0.000000 1.000000
0.999919 0.000354 -0.012733 -0.000000 -0.000452 0.999970 -0.007734 14.550400 0.012730 0.007739 0.999889 0.000000 0.000000 0.000000 0.000000 1.000000
0.999838 0.001628 -0.017902 0.000000 -0.001775 0.999965 -0.008200 14.550400 0.017888 0.008231 0.999806 0.000000 0.000000 0.000000 0.000000 1.000000
0.999763 0.002879 -0.021571 0.000000 -0.003031 0.999971 -0.007013 14.550400 0.021550 0.007077 0.999743 -0.000000 0.000000 0.000000 0.000000 1.000000
0.999732 0.003469 -0.022877 0.000000 -0.003688 0.999947 -0.009564 14.550400 0.022842 0.009646 0.999693 -0.000000 0.000000 0.000000 0.000000 1.000000
0.999680 0.003992 -0.024970 0.000000 -0.004272 0.999929 -0.011145 14.550400 0.024924 0.011248 0.999626 0.000000 0.000000 0.000000 0.000000 1.000000
0.999563 0.003639 -0.029348 0.000000 -0.003968 0.999930 -0.011133 14.550400 0.029306 0.011244 0.999507 -0.000000 0.000000 0.000000 0.000000 1.000000
0.999371 0.001739 -0.035407 0.000000 -0.002100 0.999946 -0.010166 14.550400 0.035387 0.010234 0.999321 0.000000 0.000000 0.000000 0.000000 1.000000
0.999062 -0.000658 -0.043293 0.000000 0.000417 0.999984 -0.005591 14.550400 0.043296 0.005567 0.999047 0.000000 0.000000 0.000000 0.000000 1.000000
0.998832 -0.002097 -0.048277 -0.000000 0.002024 0.999997 -0.001559 14.550400 0.048280 0.001459 0.998833 0.000000 0.000000 0.000000 0.000000 1.000000
0.998958 -0.005533 -0.045308 0.000000 0.005476 0.999984 -0.001387 14.550400 0.045314 0.001138 0.998972 0.000000 0.000000 0.000000 0.000000 1.000000
0.999296 -0.008724 -0.036482 0.000000 0.008580 0.999955 -0.004091 14.550400 0.036516 0.003775 0.999326 0.000000 0.000000 0.000000 0.000000 1.000000
0.999564 -0.007908 -0.028455 -0.000000 0.007721 0.999948 -0.006690 14.550400 0.028506 0.006467 0.999573 0.000000 0.000000 0.000000 0.000000 1.000000
0.999787 -0.005922 -0.019764 0.000000 0.005743 0.999942 -0.009127 14.550400 0.019817 0.009012 0.999763 0.000000 0.000000 0.000000 0.000000 1.000000
0.999934 -0.004904 -0.010412 0.000000 0.004800 0.999939 -0.009996 14.550400 0.010460 0.009945 0.999896 0.000000 0.000000 0.000000 0.000000 1.000000
0.999987 -0.004511 -0.002453 -0.000000 0.004484 0.999930 -0.010920 14.550400 0.002502 0.010909 0.999937 -0.000000 0.000000 0.000000 0.000000 1.000000</float_array>
        <technique_common>
          <accessor source="#mixamorig_Spine2-Matrix-animation-output-transform-array" count="30" stride="16">
            <param type="float4x4"/>
          </accessor>
        </technique_common>
      </source>
      <source id="mixamorig_Spine2-Interpolations">
        <Name_array id="mixamorig_Spine2-Interpolations-array" count="30">
 LINEAR LINEAR LINEAR LINEAR LINEAR LINEAR LINEAR LINEAR LINEAR LINEAR LINEAR
LINEAR LINEAR LINEAR LINEAR LINEAR LINEAR LINEAR LINEAR LINEAR LINEAR LINEAR LINEAR
LINEAR LINEAR LINEAR LINEAR LINEAR LINEAR LINEAR</Name_array>
        <technique_common>
          <accessor source="#mixamorig_Spine2-Interpolations-array" count="30">
            <param type="name"/>
          </accessor>
        </technique_common>
      </source>
      <sampler id="mixamorig_Spine2-Matrix-animation-transform">
        <input semantic="INPUT" source="#mixamorig_Spine2-Matrix-animation-input"/>
        <input semantic="OUTPUT" source="#mixamorig_Spine2-Matrix-animation-output-transform"/>
        <input semantic="INTERPOLATION" source="#mixamorig_Spine2-Interpolations"/>
      </sampler>
      <channel source="#mixamorig_Spine2-Matrix-animation-transform" target="mixamorig_Spine2/matrix"/>
    </animation>
    <animation id="mixamorig_Neck-anim" name="mixamorig_Neck">
      <source id="mixamorig_Neck-Matrix-animation-input">
        <float_array id="mixamorig_Neck-Matrix-animation-input-array" count="30">

0.000000 0.033333 0.066667 0.100000 0.133333 0.166667 0.200000 0.233333 0.266667 0.300000 0.333333 0.366667 0.400000 0.433333 0.466667 0.500000
0.533333 0.566667 0.600000 0.633333 0.666667 0.700000 0.733333 0.766667 0.800000 0.833333 0.866667 0.900000 0.933333 0.966667</float_array>
        <technique_common>
          <accessor source="#mixamorig_Neck-Matrix-animation-input-array" count="30">
            <param name="TIME" type="float"/>
          </accessor>
        </technique_common>
      </source>
      <source id="mixamorig_Neck-Matrix-animation-output-transform">
        <float_array id="mixamorig_Neck-Matrix-animation-output-transform-array" count="480">

0.999972 -0.001255 -0.007318 -0.000000 0.000740 0.997552 -0.069921 16.369200 0.007387 0.069914 0.997526 -0.000000 0.000000 0.000000 0.000000 1.000000
0.999962 -0.000726 -0.008633 0.000000 0.000128 0.997614 -0.069034 16.369200 0.008663 0.069030 0.997577 0.000000 0.000000 0.000000 0.000000 1.000000
0.999957 0.000194 -0.009275 -0.000000 -0.000818 0.997732 -0.067301 16.369200 0.009241 0.067306 0.997690 0.000000 0.000000 0.000000 0.000000 1.000000
0.999947 -0.000207 -0.010326 0.000000 -0.000470 0.997852 -0.065505 16.369200 0.010318 0.065506 0.997799 -0.000000 0.000000 0.000000 0.000000 1.000000
0.999927 -0.001805 -0.011972 0.000000 0.001033 0.997938 -0.064184 16.369200 0.012063 0.064167 0.997866 0.000000 0.000000 0.000000 0.000000 1.000000
0.999896 -0.003323 -0.014008 -0.000000 0.002446 0.998060 -0.062215 16.369200 0.014188 0.062174 0.997964 0.000000 0.000000 0.000000 0.000000 1.000000
0.999878 -0.003577 -0.015215 -0.000000 0.002660 0.998204 -0.059853 16.369200 0.015402 0.059805 0.998091 -0.000000 0.000000 0.000000 0.000000 1.000000
0.999865 -0.003355 -0.016056 0.000000 0.002401 0.998252 -0.059052 16.369200 0.016226 0.059006 0.998126 0.000000 0.000000 0.000000 0.000000 1.000000
0.999865 -0.002661 -0.016227 0.000000 0.001707 0.998285 -0.058513 16.369200 0.016355 0.058478 0.998155 0.000000 0.000000 0.000000 0.000000 1.000000
0.999885 -0.000835 -0.015152 -0.000000 -0.000037 0.998347 -0.057477 16.369200 0.015175 0.057471 0.998232 0.000000 0.000000 0.000000 0.000000 1.000000
0.999919 0.001531 -0.012669 -0.000000 -0.002272 0.998274 -0.058687 16.369200 0.012558 0.058711 0.998196 0.000000 0.000000 0.000000 0.000000 1.000000
0.999948 0.003961 -0.009421 0.000000 -0.004540 0.998054 -0.062185 16.369200 0.009157 0.062224 0.998020 0.000000 0.000000 0.000000 0.000000 1.000000
0.999967 0.004401 -0.006812 -0.000000 -0.004839 0.997835 -0.065583 16.369200 0.006509 0.065613 0.997824 0.000000 0.000000 0.000000 0.000000 1.000000
0.999981 0.003883 -0.004787 0.000000 -0.004197 0.997721 -0.067342 16.369200 0.004515 0.067361 0.997718 0.000000 0.000000 0.000000 0.000000 1.000000
0.999987 0.003888 -0.003443 0.000000 -0.004111 0.997730 -0.067218 16.369200 0.003174 0.067231 0.997732 -0.000000 0.000000 0.000000 0.000000 1.000000
0.999987 0.004423 -0.002425 0.000000 -0.004574 0.997802 -0.066111 16.369200 0.002127 0.066122 0.997809 0.000000 0.000000 0.000000 0.000000 1.000000
0.999987 0.004932 -0.001194 0.000000 -0.004999 0.997899 -0.064588 16.369200 0.000873 0.064594 0.997911 -0.000000 0.000000 0.000000 0.000000 1.000000
0.999980 0.006276 -0.000276 0.000000 -0.006281 0.997943 -0.063792 16.369200 -0.000125 0.063793 0.997963 0.000000 0.000000 0.000000 0.000000 1.000000
0.999973 0.007347 0.000102 -0.000000 -0.007326 0.998040 -0.062151 16.369200 -0.000558 0.062149 0.998067 0.000000 0.000000 0.000000 0.000000 1.000000
0.999970 0.007665 0.001146 0.000000 -0.007582 0.998168 -0.060030 16.369200 -0.001604 0.060020 0.998196 0.000000 0.000000 0.000000 0.000000 1.000000
0.999974 0.006644 0.002828 0.000000 -0.006469 0.998297 -0.057981 16.369200 -0.003209 0.057961 0.998314 0.000000 0.000000 0.000000 0.000000 1.000000
0.999976 0.005303 0.004525 0.000000 -0.005034 0.998328 -0.057580 16.369200 -0.004823 0.057556 0.998331 0.000000 0.000000 0.000000 0.000000 1.000000
0.999959 0.006014 0.006698 0.000000 -0.005608 0.998238 -0.059066 16.369200 -0.007042 0.059026 0.998232 0.000000 0.000000 0.000000 0.000000 1.000000
0.999965 0.004825 0.006898 0.000000 -0.004401 0.998175 -0.060222 16.369200 -0.007176 0.060189 0.998161 0.000000 0.000000 0.000000 0.000000 1.000000
0.999977 0.004087 0.005488 0.000000 -0.003755 0.998245 -0.059097 16.369200 -0.005720 0.059075 0.998237 0.000000 0.000000 0.000000 0.000000 1.000000
0.999987 0.003660 0.003529 0.000000 -0.003443 0.998221 -0.059526 16.369200 -0.003740 0.059513 0.998221 0.000000 0.000000 0.000000 0.000000 1.000000
0.999997 0.001717 0.001438 0.000000 -0.001625 0.998103 -0.061544 16.369200 -0.001541 0.061541 0.998103 0.000000 0.000000 0.000000 0.000000 1.000000
0.999999 0.000708 -0.001063 0.000000 -0.000775 0.997927 -0.064345 16.369200 0.001015 0.064346 0.997927 0.000000 0.000000 0.000000 0.000000 1.000000
0.999991 -0.000132 -0.004184 0.000000 -0.000153 0.997676 -0.068136 16.369200 0.004184 0.068136 0.997667 0.000000 0.000000 0.000000 0.000000 1.000000
0.999978 -0.001073 -0.006548 -0.000000 0.000613 0.997558 -0.069846 16.369200 0.006607 0.069840 0.997536 0.000000 0.000000 0.000000 0.000000 1.000000</float_array>
        <technique_common>
          <accessor source="#mixamorig_Neck-Matrix-animation-output-transform-array" count="30" stride="16">
            <param type="float4x4"/>
          </accessor>
        </technique_common>
      </source>
      <source id="mixamorig_Neck-Interpolations">
        <Name_array id="mixamorig_Neck-Interpolations-array" count="30">
 LINEAR LINEAR LINEAR LINEAR LINEAR LINEAR LINEAR LINEAR LINEAR LINEAR LINEAR
LINEAR LINEAR LINEAR LINEAR LINEAR LINEAR LINEAR LINEAR LINEAR LINEAR LINEAR LINEAR
LINEAR LINEAR LINEAR LINEAR LINEAR LINEAR LINEAR</Name_array>
        <technique_common>
          <accessor source="#mixamorig_Neck-Interpolations-array" count="30">
            <param type="name"/>
          </accessor>
        </technique_common>
      </source>
      <sampler id="mixamorig_Neck-Matrix-animation-transform">
        <input semantic="INPUT" source="#mixamorig_Neck-Matrix-animation-input"/>
        <input semantic="OUTPUT" source="#mixamorig_Neck-Matrix-animation-output-transform"/>
        <input semantic="INTERPOLATION" source="#mixamorig_Neck-Interpolations"/>
      </sampler>
      <channel source="#mixamorig_Neck-Matrix-animation-transform" target="mixamorig_Neck/matrix"/>
    </animation>
    <animation id="mixamorig_Head-anim" name="mixamorig_Head">
      <source id="mixamorig_Head-Matrix-animation-input">
        <float_array id="mixamorig_Head-Matrix-animation-input-array" count="30">

0.000000 0.033333 0.066667 0.100000 0.133333 0.166667 0.200000 0.233333 0.266667 0.300000 0.333333 0.366667 0.400000 0.433333 0.466667 0.500000
0.533333 0.566667 0.600000 0.633333 0.666667 0.700000 0.733333 0.766667 0.800000 0.833333 0.866667 0.900000 0.933333 0.966667</float_array>
        <technique_common>
          <accessor source="#mixamorig_Head-Matrix-animation-input-array" count="30">
            <param name="TIME" type="float"/>
          </accessor>
        </technique_common>
      </source>
      <source id="mixamorig_Head-Matrix-animation-output-transform">
        <float_array id="mixamorig_Head-Matrix-animation-output-transform-array" count="480">

0.996739 0.040824 -0.069601 0.000000 -0.037527 0.998140 0.048039 6.116700 0.071433 -0.045270 0.996418 2.423300 0.000000 0.000000 0.000000 1.000000
0.996182 0.044344 -0.075196 0.000000 -0.040023 0.997512 0.058026 6.116700 0.077582 -0.054795 0.995479 2.423300 0.000000 0.000000 0.000000 1.000000
0.995964 0.048702 -0.075386 0.000000 -0.043534 0.996684 0.068739 6.116700 0.078483 -0.065180 0.994782 2.423300 0.000000 0.000000 0.000000 1.000000
0.995499 0.051816 -0.079354 -0.000000 -0.045931 0.996180 0.074271 6.116700 0.082899 -0.070292 0.994076 2.423300 0.000000 0.000000 0.000000 1.000000
0.994937 0.050855 -0.086680 -0.000000 -0.044331 0.996152 0.075599 6.116700 0.090191 -0.071373 0.993364 2.423300 0.000000 0.000000 0.000000 1.000000
0.994382 0.046107 -0.095281 0.000000 -0.038834 0.996288 0.076826 6.116700 0.098469 -0.072694 0.992481 2.423300 0.000000 0.000000 0.000000 1.000000
0.994041 0.044365 -0.099571 -0.000000 -0.036525 0.996187 0.079233 6.116700 0.102707 -0.075124 0.991871 2.423300 0.000000 0.000000 0.000000 1.000000
0.993736 0.039329 -0.104607 0.000000 -0.031139 0.996403 0.078808 6.116700 0.107331 -0.075057 0.991386 2.423300 0.000000 0.000000 0.000000 1.000000
0.993831 0.032693 -0.105979 -0.000000 -0.025672 0.997426 0.066945 6.116700 0.107894 -0.063812 0.992112 2.423300 0.000000 0.000000 0.000000 1.000000
0.993867 0.034678 -0.104999 -0.000000 -0.028294 0.997694 0.061690 6.116700 0.106897 -0.058340 0.992557 2.423300 0.000000 0.000000 0.000000 1.000000
0.994378 0.040743 -0.097738 -0.000000 -0.034790 0.997478 0.061860 6.116700 0.100012 -0.058112 0.993288 2.423300 0.000000 0.000000 0.000000 1.000000
0.995354 0.046690 -0.084206 0.000000 -0.042276 0.997674 0.053466 6.116700 0.086507 -0.049657 0.995013 2.423300 0.000000 0.000000 0.000000 1.000000
0.996377 0.048184 -0.070082 0.000000 -0.045068 0.997952 0.045385 6.116700 0.072125 -0.042062 0.996508 2.423300 0.000000 0.000000 0.000000 1.000000
0.997285 0.044303 -0.058821 0.000000 -0.041775 0.998178 0.043537 6.116700 0.060643 -0.040961 0.997319 2.423300 0.000000 0.000000 0.000000 1.000000
0.997717 0.040696 -0.053895 -0.000000 -0.038136 0.998134 0.047697 6.116700 0.055735 -0.045533 0.997407 2.423300 0.000000 0.000000 0.000000 1.000000
0.997820 0.038592 -0.053538 0.000000 -0.035503 0.997715 0.057485 6.116700 0.055634 -0.055459 0.996910 2.423300 0.000000 0.000000 0.000000 1.000000
0.998116 0.033444 -0.051442 0.000000 -0.029912 0.997240 0.067950 6.116700 0.053572 -0.066283 0.996362 2.423300 0.000000 0.000000 0.000000 1.000000
0.998112 0.030727 -0.053184 -0.000000 -0.026717 0.996861 0.074532 6.116700 0.055308 -0.072970 0.995799 2.423300 0.000000 0.000000 0.000000 1.000000
0.997947 0.030150 -0.056508 0.000000 -0.025483 0.996343 0.081559 6.116700 0.058761 -0.079952 0.995065 2.423300 0.000000 0.000000 0.000000 1.000000
0.998279 0.026461 -0.052335 0.000000 -0.021665 0.995690 0.090175 6.116700 0.054495 -0.088885 0.994550 2.423300 0.000000 0.000000 0.000000 1.000000
0.998980 0.020203 -0.040380 -0.000000 -0.016294 0.995353 0.094904 6.116700 0.042109 -0.094150 0.994667 2.423300 0.000000 0.000000 0.000000 1.000000
0.999424 0.023254 -0.024700 0.000000 -0.021076 0.996153 0.085061 6.116700 0.026583 -0.084491 0.996070 2.423300 0.000000 0.000000 0.000000 1.000000
0.999481 0.029608 -0.012682 0.000000 -0.028818 0.997868 0.058553 6.116700 0.014388 -0.058157 0.998204 2.423300 0.000000 0.000000 0.000000 1.000000
0.999429 0.030752 -0.013997 -0.000000 -0.030303 0.999053 0.031227 6.116700 0.014944 -0.030785 0.999414 2.423300 0.000000 0.000000 0.000000 1.000000
0.999243 0.032959 -0.020659 0.000000 -0.032494 0.999220 0.022444 6.116700 0.021382 -0.021756 0.999535 2.423300 0.000000 0.000000 0.000000 1.000000
0.999032 0.034627 -0.027132 -0.000000 -0.033989 0.999143 0.023630 6.116700 0.027927 -0.022685 0.999353 2.423300 0.000000 0.000000 0.000000 1.000000
0.998969 0.031689 -0.032493 0.000000 -0.030880 0.999207 0.025122 6.116700 0.033263 -0.024093 0.999156 2.423300 0.000000 0.000000 0.000000 1.000000
0.998640 0.029302 -0.043133 0.000000 -0.028182 0.999255 0.026352 6.116700 0.043873 -0.025101 0.998722 2.423300 0.000000 0.000000 0.000000 1.000000
0.997719 0.035324 -0.057526 -0.000000 -0.033447 0.998886 0.033273 6.116700 0.058638 -0.031273 0.997789 2.423300 0.000000 0.000000 0.000000 1.000000
0.996911 0.042177 -0.066250 0.000000 -0.039318 0.998262 0.043890 6.116700 0.067986 -0.041150 0.996837 2.423300 0.000000 0.000000 0.000000 1.000000</float_array>
        <technique_common>
          <accessor source="#mixamorig_Head-Matrix-animation-output-transform-array" count="30" stride="16">
            <param type="float4x4"/>
          </accessor>
        </technique_common>
      </source>
      <source id="mixamorig_Head-Interpolations">
        <Name_array id="mixamorig_Head-Interpolations-array" count="30">
 LINEAR LINEAR LINEAR LINEAR LINEAR LINEAR LINEAR LINEAR LINEAR LINEAR LINEAR
LINEAR LINEAR LINEAR LINEAR LINEAR LINEAR LINEAR LINEAR LINEAR LINEAR LINEAR LINEAR
LINEAR LINEAR LINEAR LINEAR LINEAR LINEAR LINEAR</Name_array>
        <technique_common>
          <accessor source="#mixamorig_Head-Interpolations-array" count="30">
            <param type="name"/>
          </accessor>
        </technique_common>
      </source>
      <sampler id="mixamorig_Head-Matrix-animation-transform">
        <input semantic="INPUT" source="#mixamorig_Head-Matrix-animation-input"/>
        <input semantic="OUTPUT" source="#mixamorig_Head-Matrix-animation-output-transform"/>
        <input semantic="INTERPOLATION" source="#mixamorig_Head-Interpolations"/>
      </sampler>
